0.5654186
0.632788
0.4790682
0.4658646
0.5741756
0.6294353
0.5571795
0.5867899
0.5227053
0.4878777
0.5600764
0.4696331
0.4640707
0.3601544
0.3181533
0.3775397
0.3707738
0.3407328
0.4214066
0.3796022
0.4274491
0.456351
0.4816278
0.470745
0.4622563
0.5017006
0.4653752
0.4694952
0.4014633
0.4390704
0.3985555
0.3068579
0.2892098
0.2905752
0.3377827
0.3595179
0.4070814
0.3384116
0.3445897
0.3624023
0.3537144
0.3074381
0.2991529
0.4063748
0.4108314
0.5146836
0.5821699
0.5718197
0.5949479
0.7860516
0.8290812
0.6359556
0.6306364
0.5492663
0.6920214
0.651815
0.5806267
0.6720201
0.6005617
0.718831
0.656567
0.6042877
0.5614746
0.5279246
0.5499306
0.5397419
0.4834214
0.4825796
0.4388327
0.4723518
0.497575
0.6209651
0.569811
0.5210068
0.5073783
0.4693339
0.4933413
0.5123633
0.5103905
0.4223388
0.4991461
0.5148533
0.6010116
0.666327
0.6751113
0.6226197
0.7065219
0.6690754
0.6436631
0.7173502
0.7438946
0.5606165
0.5317544
0.5330394
0.6281353
0.6481958
0.5979056
0.5626041
0.5417438
0.6666474
0.5256025
0.5089578
0.4778126
0.5171651
0.5039553
0.4065166
0.3490444
0.398522
0.4777979
0.5929882
0.5106377
0.5492129
0.5668208
0.5314012
0.5490587
0.555783
0.6421665
0.6217341
0.6639824
0.6614662
0.5552959
0.5837776
0.7600108
0.6029262
0.6295403
0.5713067
0.5847564
0.6033621
0.6090961
0.5861101
0.5666775
0.5572085
0.525266
0.5595372
0.5465285
0.5255501
0.5948961
0.6363828
0.648238
0.5445238
0.5312702
0.6044825
0.6278319
0.5504536
0.4582064
0.4881326
0.4519122
0.4039003
0.5289611
0.5633674
0.515543
0.5491449
0.5538529
0.4176839
0.4847776
0.3563124
0.4433067
0.4239908
0.4786035
0.6456602
0.593602
0.512687
0.5899728
0.7325167
0.725788
0.7966293
0.6850703
0.7043334
0.5544145
0.4974496
0.4953299
0.5450822
0.5151637
0.5008995
0.4916227
0.5778366
0.5626992
0.4974714
0.5121122
0.6268223
0.724781
0.6247276
0.6317266
0.5627577
0.5650398
0.6065318
0.5834687
0.5681923
0.6020072
0.6547401
0.7058336
0.6838126
0.5682436
0.6061764
0.6594644
0.6275863
0.5606408
0.6373822
0.6532737
0.6670561
0.6201539
0.5159392
0.5419851
0.5625475
0.7141396
0.7009073
0.659867
0.5991515
0.527742
0.491548
0.5560246
0.5300842
0.4563476
0.4698842
0.5008132
0.4390827
0.4211399
0.4355349
0.6060166
0.5418929
0.4664051
0.4118787
0.4023352
0.4407833
0.4771403
0.5013575
0.5614298
0.5350618
0.5411625
0.4634116
0.6453007
0.6839393
0.7001872
0.6075199
0.6000888
0.5793387
0.6613619
0.6131534
0.8187786
0.7868464
0.7068925
0.684371
0.6709375
0.7420349
0.7885149
0.6306618
0.8048401
0.6506214
0.7002772
0.6304434
0.5060702
0.5209192
0.5605474
0.4380359
0.4359527
0.4254192
0.3685377
0.3820881
0.3892808
0.4401859
0.4750609
0.5455132
0.4772556
0.4823898
0.5581225
0.6464263
0.5855638
0.5641739
0.4841876
0.4558161
0.4033523
0.5068436
0.5325274
0.5622604
0.5135767
0.5084191
0.4385244
0.3823664
0.378459
0.3564165
0.3117685
0.3242358
0.3729038
0.3776102
0.4221286
0.517268
0.6535517
0.6781628
0.5969214
0.6347777
0.5825393
0.6685195
0.6748552
0.6947829
0.6441439
0.702175
0.5459275
0.6710887
0.583296
0.5337732
0.5800353
0.5542813
0.5338293
0.5638576
0.5059985
0.5020865
0.5343172
0.4832795
0.5201815
0.4924006
0.4187618
0.5257915
0.5324936
0.5772916
0.5544459
0.49676
0.5487549
0.4388373
0.4871095
0.4834693
0.5510787
0.5753162
0.617092
0.5428148
0.5972629
0.4752555
0.5072002
0.5744252
0.6257405
0.5630097
0.6212956
0.579517
0.4920316
0.5092736
0.5303553
0.5346079
0.5001299
0.5027493
0.5182403
0.5626217
0.5558842
0.505926
0.4710924
0.5826052
0.6283058
0.6272497
0.5693916
0.5021094
0.4943373
0.4686053
0.5133645
0.5165027
0.5280956
0.5177072
0.4713008
0.5697185
0.516603
0.5578083
0.4826805
0.4073757
0.4634211
0.4193928
0.4360083
0.51711
0.511554
0.5272615
0.6014812
0.5141163
0.4928773
0.485898
0.4746362
0.4826605
0.4424178
0.4226294
0.5211811
0.4651759
0.4855346
0.4856894
0.477375
0.4825839
0.5879286
0.4898749
0.5451147
0.5847766
0.5718961
0.4745205
0.4925995
0.5031164
0.4402071
0.4444352
0.4557558
0.4076072
0.4001078
0.4274345
0.39168
0.4215331
0.4474713
0.4167157
0.3897198
0.3607914
0.4294656
0.4956679
0.4710551
0.4764247
0.4335152
0.482337
0.4834433
0.4199758
0.4931696
0.5218109
0.4532473
0.48851
0.4934373
0.4872339
0.5138769
0.5423591
0.513724
0.4153416
0.5319549
0.64786
0.705546
0.6997785
0.6963594
0.6060834
0.7394351
0.6571379
0.7556867
0.8061293
0.7330252
0.6813442
0.7176471
0.7007853
0.6578157
0.5561078
0.5067002
0.6080658
0.5866878
0.5157082
0.5223157
0.4407674
0.411562
0.4652418
0.444402
0.4376846
0.5187781
0.4931747
0.5493915
0.5127174
0.5813624
0.5742646
0.5818552
0.5309261
0.5570386
0.4920719
0.5004549
0.4697345
0.4730421
0.4335106
0.4278737
0.3794987
0.4209479
0.352513
0.3507202
0.3901411
0.3904197
0.4299479
0.4872856
0.58031
0.609078
0.5257581
0.4690103
0.5292618
0.478696
0.474048
0.5071197
0.5198555
0.4958073
0.48713
0.5294338
0.5367697
0.5459766
0.5209333
0.4680605
0.4901177
0.4719076
0.5049575
0.5292621
0.4775543
0.505376
0.5393437
0.5277289
0.5127912
0.5913398
0.592944
0.5930889
0.5653802
0.6503359
0.6438682
0.6184118
0.6598178
0.7160511
0.7227625
0.6710122
0.5529083
0.6325316
0.7122899
0.6767638
0.6654386
0.6863796
0.6466341
0.595955
0.6151617
0.6095767
0.6970475
0.6170979
0.4530836
0.4901965
0.4641798
0.4842534
0.4487287
0.4756593
0.5746032
0.6009981
0.5063035
0.5212927
0.4807752
0.5069642
0.5198683
0.5758643
0.6609329
0.5723654
0.5787281
0.6935926
0.6203676
0.5419283
0.5179128
0.521821
0.5142995
0.5539467
0.6313244
0.6750357
0.6423737
0.663086
0.6800371
0.6776757
0.7262815
0.7088199
0.7673621
0.9011935
0.6947626
0.6544018
0.6106465
0.6311721
0.5422211
0.4529398
0.5734086
0.4947071
0.5168307
0.5542662
0.5366115
0.4880721
0.4811111
0.6162516
0.7071901
0.6639391
0.6671064
0.6424791
0.6282099
0.7031255
0.660365
0.7441548
0.7252243
0.6295603
0.6118697
0.7051507
0.6276522
0.6366248
0.5714982
0.623608
0.596971
0.5861423
0.6739294
0.6844141
0.6771625
0.5913944
0.5557624
0.5206488
0.6976335
0.6930468
0.662688
0.6247237
0.5758725
0.6482065
0.6727185
0.6580317
0.5567569
0.6007628
0.6453385
0.569696
0.5809949
0.601313
0.548535
0.5431368
0.5140463
0.4923506
0.5408382
0.6190759
0.676144
0.6580249
0.5541004
0.5917527
0.4554749
0.4419465
0.4503752
0.5074201
0.4791841
0.4999547
0.4723849
0.5531859
0.5731766
0.5606323
0.5651868
0.4816316
0.4570155
0.5209182
0.5410889
0.5581594
0.6642161
0.7180963
0.5833615
0.6518622
0.5942409
0.466157
0.469783
0.5825086
0.5310178
0.6082213
0.6140658
0.6331013
0.5871499
0.5298351
0.5906144
0.5905028
0.594574
0.581614
0.7075539
0.6969125
0.7848404
0.7046274
0.6453303
0.5742597
0.5411597
0.4885507
0.6139903
0.6594901
0.5866505
0.5784019
0.4752115
0.4715058
0.423904
0.3954827
0.3840559
0.4196024
0.4914785
0.568427
0.5624245
0.5528428
0.5035546
0.522492
0.5561139
0.5594265
0.5845338
0.4959997
0.5295898
0.5259078
0.5289
0.4300895
0.4277628
0.4627341
0.5046993
0.4960747
0.5260289
0.5972455
0.6184374
0.5805425
0.5248357
0.498017
0.4332018
0.525698
0.5704028
0.5163883
0.4809568
0.427897
0.4358103
0.3976278
0.4434383
0.4636045
0.4770026
0.4731789
0.4885111
0.4922995
0.4667603
0.4726762
0.4562936
0.509649
0.5152866
0.6173706
0.5100042
0.5760327
0.6296119
0.5922331
0.4812539
0.4942077
0.455055
0.479359
0.4422139
0.4521072
0.534364
0.6481766
0.4901962
0.4435461
0.5101399
0.5442942
0.5788138
0.5243336
0.5891252
0.6354238
0.6746095
0.6421904
0.6655396
0.570062
0.4763975
0.5489861
0.521974
0.4841484
0.530415
0.4589606
0.5410738
0.5208365
0.5492586
0.5686587
0.5454994
0.5506949
0.5735396
0.6153557
0.6160982
0.6424304
0.6168553
0.650323
0.5440675
0.6228857
0.6908325
0.542421
0.4954736
0.4779497
0.5216445
0.5125956
0.5707859
0.4733402
0.4686587
0.5454419
0.5706062
0.4779155
0.5992473
0.5296222
0.4763496
0.4333533
0.4263008
0.3963549
0.3622157
0.4005256
0.3855808
0.3637386
0.4245481
0.4487868
0.4388277
0.3853584
0.5158526
0.5220696
0.5309185
0.5774648
0.5652592
0.5928794
0.5712158
0.5486429
0.4979636
0.4145105
0.3257569
0.3478303
0.363532
0.4409693
0.4628995
0.477418
0.4654989
0.4215155
0.4806558
0.449736
0.4572395
0.4976767
0.5166815
0.5334191
0.5407803
0.581664
0.6410791
0.6981587
0.653848
0.6344276
0.6242685
0.5362037
0.5345982
0.5100402
0.5422439
0.5880269
0.5846332
0.6145771
0.6953333
0.668823
0.7655765
0.6900223
0.6297093
0.580052
0.6484914
0.5108571
0.5155384
0.5379246
0.5510345
0.5171261
0.5169564
0.5833541
0.4959527
0.4389614
0.4339047
0.4622983
0.5173487
0.4598442
0.4982915
0.5190046
0.4493033
0.5467876
0.4883488
0.510119
0.6611171
0.6257101
0.5683202
0.5530656
0.6537507
0.6179464
0.6272456
0.4710098
0.6806699
0.5862164
0.6245499
0.5564319
0.5662602
0.5564964
0.4603603
0.4728383
0.5327417
0.5036045
0.5341767
0.5494375
0.6019102
0.6504846
0.6724729
0.6460519
0.6157383
0.4696875
0.4581659
0.4596916
0.4387606
0.4481599
0.3886034
0.4572654
0.4680195
0.5404444
0.6341708
0.6845686
0.7545207
0.6877226
0.7230553
0.7256706
0.6187155
0.4198524
0.4658016
0.5060036
0.3943212
0.4483804
0.5273849
0.5952701
0.5121582
0.5337375
0.5230219
0.5826293
0.6272364
0.7133365
0.6940141
0.6897228
0.6724938
0.713329
0.7312345
0.646012
0.593756
0.6074117
0.5581833
0.5917935
0.5608371
0.4807136
0.4301866
0.5333201
0.5780616
0.6473959
0.5211879
0.6598524
0.6741051
0.5435717
0.5260351
0.4939914
0.4323876
0.496941
0.4923548
0.469946
0.4903192
0.6006221
0.6663952
0.6760712
0.640517
0.5666731
0.6603968
0.6295291
0.5462063
0.5854143
0.6233292
0.5917816
0.6630082
0.6359319
0.6554059
0.7390171
0.5708844
0.5050554
0.5452823
0.4444491
0.4427038
0.4570158
0.5404719
0.560523
0.514211
0.5529263
0.4635156
0.535606
0.5260784
0.529021
0.4760077
0.512036
0.5826546
0.6396917
0.704989
0.713669
0.5973037
0.4746223
0.5074124
0.5370516
0.4939205
0.4949071
0.559346
0.5803402
0.5483752
0.4495653
0.5420229
0.5600115
0.5701495
0.5197772
0.5133124
0.4759693
0.5668594
0.6273831
0.5197196
0.6784501
0.5690755
0.5261089
0.4591053
0.473407
0.4773682
0.4792851
0.3787624
0.4330994
0.499186
0.460258
0.4361706
0.4704869
0.4643901
0.4988825
0.5742786
0.5742853
0.5478138
0.5034535
0.5170666
0.4399619
0.4533638
0.5457203
0.5256264
0.5393744
0.5142148
0.6052236
0.5527861
0.5012488
0.6299228
0.6342375
0.6011808
0.5582116
0.6247842
0.599015
0.5671427
0.6107749
0.6121957
0.6092961
0.5992337
0.5575421
0.5572026
0.5705472
0.6319874
0.5636373
0.5771235
0.564882
0.5584912
0.4439468
0.39555
0.3607002
0.3345228
0.3809558
0.4238637
0.4649031
0.5636168
0.5529063
0.6339146
0.5446916
0.5532527
0.6158248
0.7082283
0.7570184
0.7313015
0.7754086
0.7338688
0.7545628
0.6414
0.6373147
0.5590709
0.6561862
0.7409885
0.586119
0.6100448
0.6572892
0.7466171
0.7997029
0.7215019
0.7325258
0.6456414
0.7338712
0.6299749
0.537641
0.4471021
0.4516494
0.4927394
0.4653455
0.4608956
0.5436177
0.6783796
0.62253
0.574562
0.6122048
0.6298371
0.6053936
0.5850754
0.5268311
0.6190494
0.5169922
0.5503299
0.5393861
0.5635277
0.4496922
0.4293716
0.4985544
0.5290341
0.652193
0.668592
0.6029824
0.7919316
0.7221042
0.6080494
0.6370874
0.5210011
0.5465804
0.6220029
0.6267256
0.616077
0.5942947
0.5394123
0.5612035
0.6196765
0.5610868
0.4642818
0.4640088
0.5252394
0.5784181
0.597031
0.6666974
0.6068346
0.6819825
0.7101792
0.7430289
0.6848196
0.5846058
0.5842735
0.5774793
0.55867
0.5306578
0.470701
0.4505653
0.4771002
0.507083
0.4988768
0.5654009
0.4873688
0.5162721
0.5513029
0.5066556
0.4551805
0.5520083
0.6274682
0.5317238
0.4811286
0.4575999
0.4772851
0.3948415
0.4936927
0.4891486
0.4513354
0.489394
0.527088
0.5604706
0.6840707
0.7492821
0.7823858
0.7238338
0.5336712
0.5892741
0.5219669
0.4989897
0.5492775
0.5114367
0.6425816
0.5383612
0.5751334
0.5456163
0.5823838
0.528562
0.4183984
0.4335453
0.4139261
0.4679892
0.4374795
0.452167
0.4617332
0.4603338
0.458337
0.5335355
0.5486382
0.5558367
0.595028
0.6769122
0.6818614
0.635135
0.5672313
0.5089988
0.5654257
0.5158109
0.4991553
0.4029107
0.3957304
0.4721835
0.4608959
0.4649925
0.4317601
0.4610901
0.3910623
0.3958804
0.4280809
0.4694043
0.5704548
0.5265722
0.5244559
0.5710932
0.7090829
0.7108958
0.7603028
0.751932
0.6516739
0.6755777
0.6472297
0.6258553
0.5314768
0.4378598
0.460086
0.4854651
0.5349753
0.5699423
0.5924383
0.638577
0.6659876
0.7466527
0.7164878
0.7495489
0.8087015
0.8562215
0.7501901
0.6798688
0.5581839
0.5102283
0.517383
0.5122235
0.5547667
0.5617248
0.6028896
0.5862211
0.4536001
0.4411084
0.4100405
0.4226047
0.4449855
0.4249094
0.4571249
0.4346593
0.4279958
0.4573387
0.532224
0.3937338
0.4345039
0.4096412
0.453162
0.4322917
0.5401314
0.581271
0.5723783
0.559138
0.5583386
0.4752732
0.4564881
0.5285188
0.5339471
0.6844385
0.6451855
0.6617161
0.6283177
0.6096269
0.4572524
0.6173957
0.6252932
0.5583939
0.6012874
0.5885695
0.5221649
0.5444539
0.4895835
0.4807858
0.4730684
0.4940972
0.4408352
0.3825538
0.4145967
0.456224
0.4470546
0.5341731
0.5401573
0.5493426
0.5622929
0.5738417
0.6042492
0.5789603
0.686013
0.6607553
0.5760116
0.5822052
0.6272514
0.7266741
0.6980027
0.5829608
0.5706889
0.5399133
0.4785729
0.5079359
0.506079
0.5436709
0.5140468
0.5064588
0.4717508
0.5226576
0.6020139
0.5220552
0.6583665
0.6369013
0.6636294
0.5601094
0.5909441
0.5517221
0.5661624
0.5606953
0.4606614
0.4729987
0.403307
0.4398965
0.4853937
0.48188
0.4770077
0.5451389
0.6103935
0.5796363
0.6578437
0.5704639
0.6319238
0.6463458
0.627665
0.5188132
0.5292673
0.5274868
0.4999592
0.4632989
0.4185554
0.3778198
0.4845364
0.50308
0.5088232
0.4756862
0.4791994
0.4774902
0.4070033
0.5153514
0.4523123
0.5168978
0.5566679
0.5224387
0.4875477
0.6103912
0.5185844
0.5194549
0.4804154
0.5249137
0.5281012
0.4365643
0.4586706
0.4855549
0.5083043
0.5392718
0.5753041
0.5769286
0.5206837
0.4497575
0.4668447
0.4495545
0.4238705
0.5899981
0.6679047
0.6103742
0.6151609
0.7140561
0.6572723
0.7327542
0.6498594
0.6094845
0.6859874
0.6900186
0.6909444
0.5360495
0.5165495
0.4676921
0.4828771
0.5724844
0.6498399
0.6867496
0.6352411
0.693854
0.7997626
0.6993525
0.6757921
0.624614
0.6004853
0.5873158
0.6083281
0.5979622
0.7371561
0.7070608
0.5596813
0.5890986
0.7104424
0.6188667
0.5863017
0.6082931
0.6675594
0.6463547
0.6682323
0.5815792
0.6106693
0.5414148
0.5868797
0.5504312
0.5893893
0.4250764
0.4735414
0.454058
0.4537009
0.4803725
0.4029694
0.4652751
0.4433968
0.5041158
0.5112411
0.4594033
0.5442017
0.5270923
0.5449061
0.4697894
0.535195
0.5781215
0.5140015
0.5496571
0.5595288
0.5767203
0.6954452
0.5889126
0.5028063
0.4552937
0.5005664
0.4261605
0.5059931
0.5701371
0.6208172
0.4990568
0.5723506
0.6387154
0.4925782
0.4689383
0.4935408
0.440108
0.4692085
0.5045342
0.6359152
0.6239052
0.5697672
0.586483
0.6264447
0.7012854
0.6489644
0.6089738
0.5586756
0.4838455
0.4951865
0.4489828
0.4051624
0.4479735
0.4790641
0.5077055
0.5836953
0.6203406
0.6909349
0.6569479
0.6221351
0.5510135
0.4894024
0.4763384
0.4670977
0.4600115
0.5009641
0.4711345
0.4101823
0.4742909
0.4820766
0.4777548
0.475674
0.571949
0.5477
0.5733202
0.5910532
0.6316058
0.5877803
0.5146499
0.5117632
0.5669112
0.6345376
0.6357239
0.675184
0.8285419
0.7964349
0.8890653
0.7897194
0.7560318
0.7311171
0.6128012
0.5880664
0.5734004
0.4942796
0.571336
0.5429767
0.5371455
0.5089074
0.5081565
0.4861578
0.655355
0.5839465
0.6671756
0.6645468
0.6178444
0.6714961
0.654064
0.6197676
0.5986317
0.5898397
0.6326773
0.6119143
0.6314298
0.63069
0.7529554
0.8190715
0.6228731
0.5424795
0.5839074
0.5146548
0.4497764
0.5765727
0.533612
0.5859821
0.5505781
0.4814617
0.4628342
0.5007324
0.517039
0.5484944
0.5491993
0.4763442
0.4564094
0.4102602
0.4574604
0.3978152
0.435187
0.4677756
0.5193646
0.5548778
0.6278689
0.6114285
0.4394196
0.5860962
0.5900031
0.5425093
0.5345797
0.5145827
0.4764299
0.5462169
0.5553792
0.512195
0.4567081
0.4606898
0.3576574
0.404803
0.4276229
0.3913245
0.4681917
0.5471069
0.5111536
0.6108083
0.7229575
0.6791659
0.6127666
0.5615958
0.583956
0.6324574
0.598528
0.6184176
0.5055737
0.4298988
0.4387265
0.5137662
0.555438
0.487014
0.5763656
0.5666716
0.5609003
0.5255984
0.4753908
0.438985
0.4479771
0.4236831
0.4473501
0.4237637
0.3837808
0.3202931
0.3858642
0.4264359
0.484333
0.5315717
0.5738428
0.5981419
0.5920123
0.6918335
0.5358393
0.5525501
0.5311765
0.5586678
0.5990128
0.6769141
0.6844263
0.6915439
0.642388
0.6047689
0.650464
0.6619273
0.7134142
0.6277055
0.6002795
0.5210357
0.5510304
0.5301736
0.590836
0.6597546
0.5220235
0.5948475
0.5296175
0.4896438
0.5735255
0.6309122
0.7945681
0.763472
0.554432
0.6065217
0.5927461
0.5267639
0.5525605
0.5554923
0.6248566
0.5678727
0.4883664
0.4956522
0.5232209
0.6102627
0.4639818
0.4407059
0.5055429
0.4838409
0.5269389
0.5006529
0.4464885
0.4483526
0.4108056
0.4243236
0.4888332
0.4568314
0.5725312
0.4792116
0.4735102
0.4935085
0.4479884
0.4363322
0.4349732
0.4372737
0.3988621
0.3982054
0.4330308
0.4259896
0.4292442
0.3955768
0.3590815
0.5000989
0.4909928
0.5559419
0.6605682
0.6248485
0.7124793
0.6659254
0.5616955
0.7394971
0.8161889
0.7944982
0.7469952
0.6319796
0.6420628
0.6500066
0.622822
0.563309
0.6740582
0.7597161
0.6039992
0.5361054
0.4899364
0.5534831
0.477581
0.446778
0.4421643
0.4251705
0.5150809
0.5126282
0.5569775
0.5341743
0.4517921
0.4755122
0.5194129
0.5700477
0.5030831
0.4908255
0.5750142
0.5360813
0.5388475
0.5560934
0.5247588
0.5247436
0.4937818
0.5265647
0.4948629
0.530186
0.586619
0.6684807
0.5700198
0.5467985
0.5717487
0.4874832
0.4042341
0.432923
0.3836193
0.4137735
0.4743693
0.4999256
0.6708471
0.594085
0.5537539
0.6187884
0.718884
0.7179398
0.7106184
0.5908195
0.4908038
0.4990895
0.5002058
0.5160251
0.5610703
0.4183698
0.4770396
0.5036378
0.5366985
0.5206433
0.5030745
0.4118154
0.4347891
0.5004914
0.4925285
0.554682
0.4648581
0.4595333
0.4707882
0.4479971
0.5230172
0.5635331
0.6506893
0.6360046
0.7051693
0.7334261
0.7044888
0.7136457
0.758779
0.7548799
0.769592
0.7525699
0.7716818
0.801968
0.7028887
0.548827
0.5535042
0.4692877
0.4848618
0.4509474
0.4175627
0.5197132
0.5276865
0.5484932
0.5893117
0.4978897
0.4746445
0.4759209
0.4698866
0.4931245
0.5409633
0.5244339
0.5477764
0.4972494
0.5817764
0.6248565
0.5823362
0.5568625
0.5970855
0.7014396
0.7093134
0.8011105
0.757954
0.7461652
0.6314934
0.4698139
0.6083265
0.6067241
0.4953938
0.6111452
0.6253819
0.6043016
0.6878254
0.5972246
0.6296063
0.5900551
0.5058864
0.4793296
0.5389582
0.5588725
0.4885249
0.5373636
0.6081235
0.5451554
0.6404294
0.5698954
0.5412164
0.5507486
0.5749643
0.6292902
0.6379042
0.6605888
0.6433482
0.5909716
0.5796163
0.6232822
0.7222064
0.5742018
0.5462394
0.4808024
0.4311355
0.5135108
0.3960065
0.4741323
0.5713659
0.5344076
0.5559381
0.6494003
0.6434763
0.5540614
0.5014459
0.4299196
0.5301994
0.5497058
0.6037333
0.5991209
0.6161713
0.5643148
0.5879484
0.6401656
0.7168882
0.6675103
0.7123992
0.6604571
0.6893738
0.6478129
0.6727538
0.7000637
0.6110478
0.6050715
0.5830742
0.5541691
0.505379
0.5093292
0.4540125
0.4627046
0.4579166
0.4637496
0.5230799
0.4666563
0.3781463
0.329693
0.4733088
0.4089101
0.434947
0.5321282
0.4382663
0.46279
0.4275766
0.4662427
0.4368639
0.363866
0.368122
0.4341971
0.4011605
0.4604618
0.514643
0.5282301
0.5146779
0.4439847
0.4704394
0.5153796
0.4885303
0.5004146
0.5602268
0.6429809
0.6777076
0.5758733
0.7091876
0.6807728
0.6923063
0.6349375
0.6777845
0.6700303
0.6668096
0.661133
0.6090668
0.6409436
0.5892033
0.5215993
0.5115207
0.5174511
0.580333
0.512477
0.5918231
0.5020368
0.5573711
0.5846884
0.6429007
0.6616933
0.7397472
0.8344142
0.709615
0.6423936
0.6353087
0.6125184
0.5656317
0.5943005
0.6273894
0.6566744
0.5506201
0.6249941
0.7039445
0.752486
0.5605514
0.559732
0.5759747
0.5276383
0.5528468
0.497813
0.516005
0.5253356
0.6071409
0.6076626
0.5697184
0.4229349
0.5268887
0.4958559
0.5096816
0.6240588
0.5555017
0.4908648
0.366276
0.345744
0.4196987
0.420262
0.3162495
0.3791566
0.4010439
0.3626712
0.3359097
0.418954
0.4489144
0.3781187
0.4641715
0.5912701
0.5904649
0.5582122
0.5373466
0.5885682
0.6299861
0.5050929
0.6346658
0.6382983
0.5311145
0.4695651
0.4718354
0.4218298
0.4071103
0.5071201
0.5191192
0.5208204
0.5278642
0.5597487
0.5606653
0.6371439
0.5853676
0.5670589
0.5279664
0.54375
0.4804811
0.4795185
0.4402295
0.4346107
0.4294431
0.473133
0.4977122
0.4486875
0.4610372
0.4588514
0.4936695
0.4561581
0.440281
0.3676388
0.3630263
0.3672204
0.369966
0.431166
0.4723705
0.432179
0.4462738
0.4016922
0.4533182
0.4767975
0.5385327
0.5101
0.4986641
0.5502285
0.6506943
0.6273265
0.6147963
0.6209891
0.6030678
0.6216353
0.6275371
0.6218478
0.6221403
0.598852
0.5714334
0.5069977
0.434862
0.3662305
0.3915585
0.3873795
0.4004088
0.6085471
0.5750961
0.5737343
0.6452221
0.5068873
0.4979102
0.4919339
0.5252849
0.4562252
0.4470846
0.4473458
0.489266
0.4886087
0.4835426
0.4689328
0.4784155
0.4544966
0.4670355
0.50441
0.5405702
0.5296754
0.4727045
0.4626278
0.5679437
0.4231302
0.4620942
0.5247465
0.4982063
0.5030393
0.5332667
0.4909216
0.5637049
0.6079843
0.5372926
0.5413874
0.5283941
0.5216409
0.4752687
0.4631192
0.4924701
0.428812
0.3875045
0.3806482
0.3865321
0.4262596
0.4821238
0.5152847
0.5092938
0.4387741
0.439516
0.4292829
0.4379538
0.465535
0.4641491
0.5123322
0.5400576
0.5071242
0.4648749
0.519479
0.5348712
0.4824402
0.4115005
0.4151594
0.4555028
0.4604372
0.4203359
0.4303871
0.3529874
0.3908155
0.4657416
0.4428597
0.4482914
0.4742591
0.4344603
0.4729813
0.5974172
0.6585863
0.6313564
0.6936801
0.5422316
0.5036025
0.4408337
0.5262921
0.4918014
0.53659
0.5870279
0.5729665
0.6390926
0.569463
0.6113333
0.599421
0.5907876
0.5279195
0.5213657
0.6134184
0.5360739
0.5010369
0.5360928
0.4950426
0.3879013
0.4037869
0.4438548
0.4520858
0.4506328
0.3853837
0.4880024
0.4977174
0.4971918
0.651945
0.6314593
0.5559205
0.574501
0.487202
0.5066141
0.4986174
0.5436509
0.455229
0.4947993
0.5078517
0.5059887
0.5225945
0.5068877
0.4352607
0.4060053
0.418618
0.384489
0.3867699
0.4031594
0.3752428
0.4197408
0.3717225
0.4129896
0.4444929
0.4350236
0.3975893
0.4132349
0.4530766
0.4902525
0.4079081
0.3993327
0.3747302
0.3409311
0.3350482
0.3566574
0.4311283
0.367061
0.386948
0.3749914
0.3704729
0.3873216
0.5839752
0.5109231
0.5751264
0.581832
0.6229249
0.531485
0.5776461
0.5264009
0.4517525
0.5160847
0.5575891
0.5209774
0.3947958
0.4430085
0.5974003
0.6278647
0.7028533
0.6452485
0.7336696
0.7870811
0.8560329
0.6144386
0.6228869
0.5620718
0.5912296
0.4907577
0.5446864
0.6122183
0.5428436
0.5086296
0.4905375
0.5198758
0.5735502
0.7061856
0.6012706
0.5121979
0.5581914
0.5023112
0.5253067
0.5085157
0.5471944
0.5407514
0.5511481
0.5221704
0.514479
0.5339178
0.4672392
0.5731169
0.4809114
0.4854286
0.5886926
0.5510015
0.5072967
0.5064339
0.5302731
0.5066908
0.5044023
0.5399338
0.5293602
0.5167693
0.6604579
0.577417
0.6115515
0.682609
0.849548
0.8385779
0.7711826
0.7836152
0.772374
0.8613131
0.733451
0.7353476
0.7659167
0.795285
0.8110644
0.7603453
0.6610002
0.7601562
0.6668486
0.6277187
0.648439
0.6293896
0.6066644
0.5112197
0.4956582
0.5303484
0.5975836
0.5059349
0.544804
0.5240144
0.4896225
0.5400569
0.5607543
0.4746582
0.510235
0.6207941
0.5106701
0.5843239
0.5541945
0.4978567
0.5913028
0.5680557
0.5230398
0.4771907
0.4320882
0.4013938
0.4566889
0.4432008
0.3925318
0.3473649
0.4323857
0.5369968
0.5910379
0.6571105
0.7586023
0.7006877
0.6137555
0.6582394
0.6761396
0.4619474
0.4529913
0.5206075
0.5299016
0.5112127
0.4998079
0.5659818
0.4885058
0.4732764
0.604514
0.6245213
0.6598994
0.6079141
0.4977106
0.5280352
0.5544699
0.5954235
0.5931527
0.5421869
0.5362618
0.6330402
0.5668772
0.5354707
0.547737
0.4960698
0.5060902
0.5454648
0.6095282
0.6914779
0.7684928
0.6117851
0.5881049
0.6313577
0.5586971
0.6300618
0.6300254
0.5331023
0.5751096
0.5007748
0.5150312
0.4915922
0.4998596
0.4053833
0.4400657
0.4808737
0.4342385
0.4831469
0.4868594
0.4768733
0.3963065
0.4244703
0.442878
0.4645753
0.4828672
0.5030471
0.5859275
0.5908901
0.5942695
0.661001
0.6103136
0.6413144
0.5982123
0.6258951
0.5683157
0.4753563
0.4981435
0.484951
0.4464619
0.5133644
0.557048
0.4152291
0.4390323
0.4868289
0.4446496
0.4073946
0.3999731
0.3828913
0.4641683
0.4176755
0.4144262
0.4371213
0.4517108
0.4708226
0.4789786
0.5369895
0.4829696
0.532493
0.6190367
0.5671766
0.6321912
0.7141914
0.6023777
