-0.04112444
0.02579487
-0.05326251
0.05375137
-0.03099881
0.009264119
0.02661489
-0.008150965
0.03734809
-0.002111069
-0.01300107
-0.00336784
-0.04479194
0.0008418395
-0.02789325
-0.01585139
-0.0137448
-0.04578952
-0.0003581636
0.01364787
-0.009849674
0.04725272
-0.0007440651
0.0242317
0.00591279
0.03967202
0.01909275
0.02070856
-0.04274236
-0.07189976
0.01513691
-0.007131179
0.04244712
-0.07160177
0.009687386
0.04858268
-0.01565503
-0.005259514
-0.06433256
-0.004062226
-0.00843178
0.02032694
0.03467744
-0.04836825
-0.001699696
-0.02876134
0.02071701
-0.003300879
-0.002197358
0.005099728
-0.009301017
0.005970949
0.03905437
-0.01390128
0.02020744
0.01458735
0.01450021
0.01255922
-0.02268047
-0.03803623
0.01654416
-0.03642075
-0.04038883
-0.03480745
0.004698351
0.007495843
0.03899996
0.05765727
0.009763104
0.02169735
-0.05172687
0.01073182
-0.05478358
-0.02975591
-0.001187218
-0.03009656
0.00179871
0.03449741
-0.02340987
0.02520372
-0.01413852
-0.003003722
0.007040161
0.01843956
-0.004345317
0.01698533
-0.01459298
-0.01325724
0.01982307
-0.02994322
0.01910729
0.07337713
0.003751906
-0.04624888
0.004897786
0.03407792
-0.03841968
-0.01349917
-0.01074905
-0.02183058
-0.02207162
-0.02733182
-0.01141997
0.005852387
0.0006699861
-0.05031048
0.02635482
-0.01547232
0.05194351
-0.03700206
0.003061716
0.01265859
0.002931916
-0.02978233
-0.0005584024
0.0001583667
-0.03435964
-0.02741307
-0.003161128
0.009348648
-0.02561708
-0.0185484
0.02018148
-0.01545212
0.03851158
0.04757606
0.03088754
0.03221402
-0.0009283504
-0.02621632
0.0346376
-0.008147903
0.02572186
0.02991491
-0.01184288
0.04106619
-0.01070557
0.008852344
-0.02245806
0.02836256
0.02439677
-0.01601542
-0.06826115
-0.02464776
0.02686931
-0.03817061
-0.01618858
-0.001928674
0.04985648
0.04011287
-0.02441077
0.002502382
0.00677577
0.01641013
-0.05033322
-0.01451485
0.02533979
-0.03126691
-0.05582635
-0.02102494
-0.02210528
-0.02464627
-0.01064401
-0.01696871
0.03334772
0.02503602
-0.01289042
-0.02437967
-0.05035979
0.001235167
-0.02074242
0.04842794
0.005677457
-0.02822293
-0.04175075
-0.002071724
0.01537592
0.0349118
0.01793209
0.002301206
0.01278431
0.01719949
-0.03452757
-0.03868383
0.02515893
0.04419896
-0.03255476
-0.009760494
0.03174136
0.002213406
0.01469916
-0.01164434
-0.01204481
0.003393929
-0.006854114
-0.002196174
-0.009067135
0.02479651
0.006957058
-0.02906618
-0.05213329
-0.009469784
-0.03360188
-0.007282129
-0.007520925
0.04094483
-0.06822653
0.04577096
0.007585363
-0.0218829
-0.001211575
-0.01885975
0.005493209
0.002293635
-0.09320651
0.01051788
-0.01172766
0.01386433
0.006120732
0.03736758
0.03122506
-0.02846153
-0.06823129
0.005806577
0.004620275
0.002215892
-0.009394869
-0.02150449
-0.004319989
-0.01292798
-0.002444106
0.0329228
-0.02560791
-0.04029361
0.01839812
-0.02069889
-0.002392555
-0.01315008
0.003980754
-0.006185915
0.03813134
0.008807303
-0.002161521
0.05273596
-0.003145447
-0.06936035
0.01114864
-0.01756588
-0.02317981
0.001016986
0.02617281
-0.04254301
-0.004697028
0.05177944
0.02319478
-0.002270798
-0.0109033
-0.03273562
-0.04469736
0.03406169
0.04552784
0.03742479
0.02036174
-0.00860187
0.0460799
0.01576472
-0.02057836
0.01840312
-0.01154786
-0.01722963
0.03550441
-0.05029357
0.0287323
-0.0009905095
0.02306818
-0.00668127
0.01720288
-0.009457487
0.0110934
-0.008121576
-0.02721116
0.01100083
0.0353732
-0.001221517
0.008211029
-0.05011699
-0.01194688
-0.001721388
-0.03256753
-0.068311
-0.03260562
0.009311823
-0.02951842
-0.01772668
-0.0310277
-0.0005319333
0.0115665
0.0195879
0.04349714
0.002893796
0.002851407
0.02852039
0.01697123
0.006901894
0.005558224
-0.01268784
-0.01273139
0.02564121
0.01476905
0.01829888
-0.07821812
-0.03496345
0.005922083
-0.003190303
0.02177218
0.03194653
0.01413577
0.009230072
0.01248043
-0.04867487
-0.02214119
-0.01070037
-0.0212691
-0.01669061
-0.04387645
-0.0194051
-0.02208547
0.02190375
-0.04248752
0.01047754
0.01706808
0.02258738
0.02085111
0.00686896
-0.03981924
0.0266793
-0.006143784
-0.04232681
-0.05068696
-0.01787885
0.005235799
-0.02767418
0.02943145
0.008592455
-0.03340993
0.01891649
-0.01319897
-0.01228831
0.03075254
-0.02147776
-0.0561215
0.00365729
-0.01207719
-0.05496149
0.005345607
0.008104577
-0.07567793
0.0323953
-0.01836412
-0.03783179
-0.001788053
0.02045024
0.0342967
0.0006308138
0.02007521
0.0050371
-0.05238679
-0.005252108
-0.0262525
0.03135628
0.006482757
-0.007205676
0.009960648
-0.002042197
0.03358257
-0.007341141
0.002032777
-0.0001421251
0.01674426
-0.04637112
0.009466735
0.002447718
0.07284052
-0.01440787
0.007496326
-0.01234126
-0.03828864
-0.00086338
0.001067848
0.001019925
-0.01638567
0.01674751
-0.02225836
-0.02901445
-0.001917206
-0.00952738
0.01794497
0.009329389
0.02221957
-0.04860868
-0.0279879
0.00324814
0.0317294
-0.006461949
-0.01775132
0.007629047
-0.02981448
-0.02150434
-0.02015785
-0.04192701
0.03392614
0.03499494
0.04446304
0.07087077
-0.04084634
0.0195833
-0.0466437
-0.002216507
0.01013278
-0.0462974
0.01448904
0.02411091
0.0845857
-0.01733283
0.02709566
-0.03857209
-0.007373074
-0.004750688
-0.06500788
0.03410439
-0.005699128
0.00933297
0.04674244
0.007025596
-0.01083787
0.04431008
-0.02145867
0.001586585
0.03072838
-0.01081627
-0.07358381
0.02472514
0.002461753
0.007837474
0.01206095
0.009027095
-0.06491606
-0.01316765
0.0318097
-0.04331397
0.01687019
-0.01101858
0.01122771
0.004810682
-0.04485537
-0.04524898
-0.0150041
0.05162188
0.0261418
-0.003300719
-0.006109427
-0.0258445
0.009601849
0.007879692
0.02324069
-0.06717103
0.04936432
0.02377052
-0.0265568
0.0119163
-0.007223753
-0.005688296
0.005073016
-0.0328478
0.01960728
-0.0004646871
-0.03439737
0.02390461
-0.01339242
-0.02588208
0.019769
-0.04726219
-0.0438797
0.00921113
0.03208581
0.03558539
0.02957464
0.004758013
0.0009025859
0.01070487
-0.003513269
-0.009785842
0.01219309
-0.05292857
-0.01943361
-0.01254663
-0.003751678
-0.001860246
0.02464829
-0.02513397
0.002158537
-0.004717196
0.01564551
0.01164136
0.0244699
0.02586142
-0.00223455
-0.02671118
0.003440927
-0.003278809
-0.001495558
-0.02072339
0.003257655
-0.03394455
-5.942879e-06
0.008144792
0.03324748
0.01892938
0.02737701
-0.003715791
-0.03117063
-0.04586349
-0.01214659
0.01885175
0.03285489
-0.01311363
-0.0221799
0.0003196989
0.0119596
0.007983326
0.005610374
-0.0201164
-0.006407202
0.08914782
-0.03443021
-0.01333073
-0.00199553
-0.03928825
-0.02593879
0.04174469
0.01330874
0.01325431
-0.01014087
0.03442066
0.04724719
0.01246748
0.08609448
-0.01943617
-0.01998011
-0.01602069
0.003626519
0.005638334
-0.02072554
-0.00938837
0.0151503
-0.06276814
0.03019353
-0.005492489
0.007313274
-0.08100784
-0.01392051
-0.01550073
0.02216076
0.002928248
-0.01806021
0.01913097
-0.1016332
0.01778509
0.01740261
0.007787707
-0.05251818
-0.01081801
-0.02049914
-0.002399251
0.03886538
0.03159745
-0.05952495
0.01700856
-0.01544384
-0.05982051
0.07888686
0.01448338
-0.02568175
-0.01045735
0.01159304
-0.02627213
-0.05722722
0.03548277
0.01075504
-0.02889767
0.01268259
0.02548307
-0.03465867
-0.0002891838
0.0009398073
0.006160924
0.04282564
-0.02434712
-0.01679502
0.01403582
-0.02145861
0.03771684
-0.01778129
0.0002331362
0.013194
0.02764909
-0.07635495
-0.006509636
-0.0055303
-0.004849299
-0.008077656
2.654641e-05
-0.005759972
0.004237348
0.01711974
-0.0663737
-0.009578583
-0.05704491
0.01536865
0.01758006
-0.05403317
0.01280362
0.03868518
-0.04923623
-0.03394729
0.0004056427
0.01593386
-0.02372429
0.01562364
-0.003440327
-0.01804695
0.03369282
0.005893672
-0.0310979
-0.02188062
0.005368424
0.005482673
0.0003926495
0.01040434
0.01516352
-0.01486912
0.03166852
0.05630825
0.007835367
-0.02985233
-0.01550084
-0.006624199
0.02336852
0.02243577
0.0125171
-0.006337122
0.02486108
-0.03093864
-0.01398035
0.04079471
0.006516485
-0.001181353
0.00157304
-0.01871377
0.01574075
0.03340503
0.03565287
-0.02002132
-0.001400522
0.003114888
-0.02913275
-0.0153166
0.04494001
-0.0002007732
-0.02262145
-0.03243547
-0.01668837
-0.02233521
-0.01390284
-0.04549573
0.01020657
-0.00669304
-0.0320089
0.01238309
0.05036818
0.05846366
0.017235
0.008161599
-0.02435915
-0.03344111
0.0500421
0.003864936
-0.008335989
0.01567685
0.02070724
0.03981795
0.01247276
0.008522718
0.02696317
-0.01050591
0.01474884
0.005498011
0.03843036
-0.00534356
-0.02292307
0.03109474
-0.003735908
0.01072932
-0.01516583
-0.03214953
-0.03045955
-0.01503224
0.03699824
0.0146776
-0.008574422
-0.01123568
0.002591425
-0.003254441
0.01634619
0.009928911
-0.009301414
-0.003442709
-0.03245078
-0.03872964
0.03130292
0.002114024
0.04158489
-0.004202885
-0.02734723
0.005516657
0.01725235
-0.003179219
-0.00194575
-0.05129333
0.002946291
-0.007352456
-0.00283168
0.01034709
0.0194624
-0.008971627
0.01767002
-0.01865508
0.04256849
0.006951873
0.05830707
0.008004559
-0.02848744
0.01184877
0.0136851
0.05279039
0.02004718
-0.001230691
-0.01591697
-0.02018006
-0.05612641
-0.016649
-0.01448887
-0.004832155
0.03069142
0.0773497
0.02580875
-0.04804354
0.04683943
-0.04566824
0.02530861
-0.02318011
-0.02054889
-0.04399413
-0.00906669
-0.00430102
0.02854886
0.002819838
0.04356234
0.03107123
0.02897206
0.02882014
-0.01514931
-0.02372602
0.007885291
-0.03283577
0.05217858
0.03944764
0.008358998
-0.01223887
0.0324318
0.03348278
0.02611314
0.01085696
-0.00260944
0.0411889
-0.03290292
0.005459597
0.02498413
0.03062074
0.001197369
-0.05173764
-0.03175641
-0.03272411
0.006906189
-0.02329885
0.04885947
-0.07822301
0.04085746
0.01617739
0.02173557
0.01780917
0.03298443
-0.009412141
0.06615152
0.04232553
-0.02923912
0.05445267
-0.05497265
-0.02717612
0.004593879
0.05844113
0.003685414
0.03106589
-0.01546704
0.0176338
-0.0261266
-0.00556605
-0.01841848
0.04080745
0.03530849
-0.02341189
-0.006265803
-0.00947013
0.003864093
0.02736338
-0.007939258
0.03307628
0.001193803
0.04905035
0.01971763
-0.02187593
0.02458377
0.01974149
0.0281192
0.02053692
0.02875924
0.03391729
0.03062586
0.01981066
-0.01820895
0.01300518
0.05135658
-0.005843702
0.03504249
0.03018812
-0.01167835
0.02666599
0.06272102
-0.01803843
-0.001960346
-0.01842898
-0.01192017
-0.009423051
-0.03291858
-0.03088157
0.00478978
0.009275737
0.0370941
0.02188988
0.0005917314
0.006412679
0.02060555
-0.01708901
-0.02156644
0.01390658
0.01653387
0.01027572
-3.627238e-05
-0.02201936
-0.03298776
-0.01642543
0.01813693
-0.009747218
0.001724377
0.01636619
0.01538377
0.006578284
0.005318835
-0.01557007
0.03600764
-0.01773064
-0.03687357
-0.02434541
-0.03983201
0.01291612
0.01002195
0.02577234
0.007750674
0.01586939
-0.01629859
0.00968635
0.02779007
0.03930982
0.06737774
0.04100875
-0.0083574
-0.05915495
-0.03795144
-0.02093075
-0.00964165
-0.03166622
-0.01078895
0.052101
-0.0002056781
-0.0004752323
0.0008434487
-0.05125318
-0.02137734
0.04865515
-0.001256253
0.03342683
-0.08714317
0.01219147
0.04103701
0.02577296
-0.06387476
-0.04074659
0.03019
-0.01800375
0.04294371
0.05899132
-0.01341935
0.02319933
-0.01433644
0.01991841
-0.003932921
-0.006865261
0.02258745
-0.05368196
0.02475501
0.01871596
-0.004195124
-0.006654982
0.01603793
-0.02146325
-0.06357714
0.01439509
0.03571037
0.08203953
0.00195685
-0.02588494
0.01422865
-0.03517574
0.04750861
0.05849529
0.04962845
-0.01838407
-0.01841032
0.01629066
-0.02605993
-0.04278085
-0.0342971
-0.06099421
0.005044766
0.05369705
-0.01895008
0.02978484
0.01520219
0.02128719
-0.04591893
-0.04374853
0.01042734
0.04297177
0.01840631
0.01232092
-0.01696336
-0.01449838
0.04573096
-0.05927022
-0.004321953
-0.01682443
-0.03693754
0.02964434
0.03544988
0.01992348
-0.02506704
-0.05038758
0.08226124
0.03006946
-0.003828854
-0.06361907
-0.0359595
-0.01035996
-0.04100734
-0.08140207
0.008236239
-0.02196796
-0.03886025
-0.0413257
0.01209898
0.03908801
-0.04443222
-0.0220772
-0.004639919
-0.003857896
0.02548032
-0.01711422
0.031716
-0.05163132
-0.04593191
0.008778777
-0.005825049
0.01169859
-0.01613045
0.03266332
0.006575996
-0.007857008
-0.008928272
0.003650113
0.00416648
-0.02500565
0.01184673
0.006897548
-0.01395308
0.004560968
-0.02043587
-0.03153705
0.01305416
0.004210095
0.01487466
-0.02698607
-0.01625766
-0.02705029
-0.02341195
-0.05723776
0.01994713
-0.04239632
0.05253425
0.002588149
0.0008918515
-0.04833896
-0.02761651
-0.01589455
-0.0247359
-0.0004437421
-0.00616043
-0.02022247
0.03262795
-0.03073555
-0.02795266
0.015832
-0.02155397
-0.04923818
0.02156329
-0.001360326
0.05540239
0.02876363
-0.01395878
0.01227504
-0.05927206
-0.07608288
-0.01177682
0.005044681
0.03184065
-0.00988414
0.02316122
0.006039441
0.002210158
-0.001021567
-0.0008249568
-0.01565288
0.05873513
-0.02526491
-0.03382145
-0.0155971
0.02472144
-0.01370401
0.03662059
0.02282697
-0.03624704
-0.05282233
0.005156749
0.0578444
-0.01153729
0.01485001
0.002789207
-0.03173539
0.01109083
-0.005678262
-0.007777582
0.03328472
-0.06395222
0.04270463
0.0009272971
0.01684662
-0.03290363
0.009940892
0.01637051
0.04338894
0.01097038
0.05984467
0.01434982
-0.02013523
-0.02819795
-0.02957995
0.04244232
0.003549848
0.03185856
0.002375438
0.02164013
-0.03788363
0.009062631
0.006728186
0.0202518
-0.003211727
-0.01693846
-0.03570031
0.01323919
-0.0209049
0.02429567
-0.0081769
0.01994259
-0.02882805
-0.03244957
0.03556011
0.03692344
-0.03375127
-0.01025239
0.001367753
-0.03593216
-0.006687341
0.03897531
-0.0007393786
0.02129433
0.0009775833
-0.03984784
-0.02964387
0.05093174
-0.01811082
0.04938577
0.03994218
-0.03164546
0.03219312
-0.03310186
0.01931971
-0.05048502
-0.009090307
-0.02815993
-0.02663493
-0.01360964
0.007568731
-0.02311234
-0.008421956
0.01695216
0.008135349
0.001065241
-0.01658164
0.01610011
-0.02417912
-0.04407341
0.01673103
0.02426469
0.008882161
0.002906027
-0.03394642
-0.03436571
0.001068144
-0.007187984
-0.007411763
0.04702833
0.005156034
0.002678773
-0.007928841
8.738396e-05
-0.003519063
0.006228835
0.0009029487
-0.04090405
-0.008655888
-0.03562708
0.04346902
-0.01105235
-0.009213976
-0.005045646
-0.006192894
-0.003080926
0.02668711
0.02096684
-0.01155753
0.02643436
0.01286897
0.02743125
0.01132185
-0.0323709
0.02733164
0.003684908
0.04096699
0.0116549
-0.04499697
-0.007166813
-0.0286744
0.008797893
-0.06162047
0.02921523
-0.02918735
0.01362606
0.04166762
0.01070038
-0.0148112
-0.0116585
-0.02789829
0.01322713
0.01646997
-0.03097887
0.02183909
-0.02380212
0.0004123107
-0.003688678
-0.0004682572
0.003825931
0.00362083
-0.01878539
0.05062281
-0.001926808
0.05465276
-0.01194747
0.01134159
-0.02133202
0.02431315
0.02137596
-0.001932239
0.01077213
-0.009526908
-0.03631126
-0.03871556
0.02774587
-0.003084183
0.01954762
0.06529839
0.0028793
-0.02508839
0.02688547
0.07183708
0.02631381
0.004524047
0.03009516
0.05203294
0.05911694
-0.000484042
-0.02668067
0.01057048
-0.001231625
-0.001490263
-0.008514098
0.004948426
-0.03012461
-0.02691494
0.01173553
-0.01989135
0.003243348
-0.007685752
0.02346788
0.02030155
0.06622672
-0.05571302
-0.0593429
-0.002448019
-0.0176952
0.02317232
0.01726916
0.05035708
0.01838945
0.04442562
-0.0169561
0.003724002
0.02929158
-0.03980909
0.009998695
-0.04010328
-0.05339134
0.001480578
-0.01537721
0.05155979
0.0009511046
-0.009186364
-0.01108725
0.05988108
-0.02587517
-0.05580059
-0.0266396
0.02407348
0.04599183
-0.01006873
-0.01017311
0.005386164
-0.006097413
-0.02412347
-0.03412659
-0.1045596
-0.009150391
-0.02089231
0.06763986
0.0004269899
-0.006802465
0.02084197
0.01675138
0.03603217
0.001246934
0.03208865
0.01824383
-0.04579377
-0.04362466
-0.001663835
-0.003216337
-0.0003516336
-0.01176441
-0.0007002093
-0.02996852
-0.01597679
0.02033035
-0.01348721
0.0637489
-0.01551647
0.02270634
0.05753418
0.04980447
0.02863141
-0.03016236
-0.027548
-0.01807953
0.002094195
0.008196329
-0.02300193
-0.004030054
0.01144747
-0.03021944
0.007558242
-0.0282793
0.0318568
0.006595402
-0.01393941
0.005511402
-0.009876564
0.003686686
0.01253298
0.04318243
-0.0267067
0.005171077
0.02224321
0.01221525
0.01694535
0.01640241
0.01232309
0.02494172
-0.03097019
-0.04817502
0.03102425
0.01511991
-0.003752192
-0.01066827
0.001953317
0.01283311
0.02086346
0.05149116
-0.01729589
0.0109761
0.02906367
-0.04211737
0.005309089
0.0403056
0.003128028
-0.005888734
0.041604
0.0132617
0.008025297
0.02187606
-0.01272664
0.01550744
-0.03086342
-0.01606536
0.00270271
-0.01587717
-0.04203061
-0.08799216
0.0003646566
0.0009997934
0.003693298
-0.02310027
0.04983947
-0.08523466
-0.002540571
0.01241655
0.01772633
0.005133428
-0.0003219774
0.02146255
0.0301676
0.03760325
-0.004148822
-0.02532045
-0.03110372
0.01689652
0.05878378
0.01270151
0.03532648
-0.0008962684
-0.03652704
-0.03131944
-0.01189481
0.03664132
-0.01321065
-0.001568757
0.008783859
0.006387238
-0.0004190297
-0.002153605
0.007385863
-0.001376809
-0.03150867
-0.01300115
-0.06108268
-0.04421705
-0.01607851
-0.03434936
0.04839362
0.03123738
0.01776232
0.03451673
0.001590307
0.06876665
-0.003014517
0.03169542
-0.009462357
-0.0126414
0.05879457
0.01679468
-0.0368763
-0.007666857
0.06188563
-0.02743641
-0.0100904
0.01198491
0.01538271
-0.006345482
-0.04175
0.0140163
0.04057829
0.003903317
-0.009694324
0.04543638
-0.004329217
-0.02652508
-0.005858251
0.016476
0.03285783
-0.0454956
-0.03123792
-0.03659149
0.007014166
-0.06566847
-0.02026047
0.02127057
0.009668336
-0.05298477
0.03428319
0.02714782
-0.004173426
0.04139845
0.02101871
0.01936072
0.02126491
0.01978478
0.01555258
0.02129167
-0.001730135
-0.02661047
0.002186391
-0.02649326
0.01017093
0.02927922
-0.02791081
-0.001132914
0.06939912
-0.01899218
0.006923108
-0.0414244
-0.007214569
-0.03551862
-0.02084849
0.03550789
-0.03814879
0.01107925
-0.0124121
0.03592701
0.01813612
-0.002556829
-0.02533042
-0.03382302
-0.030797
-0.06290933
-0.005033448
-0.001183346
0.0462682
0.01507003
-0.002128439
-0.05193317
-0.01093931
0.01637206
0.0103747
-0.00731308
0.04373125
-0.05419542
0.0274934
-0.01512483
0.01883659
-0.01639519
-0.05204944
0.01737313
-0.03260877
-0.005469777
-0.04174458
-0.03576686
0.01811349
0.0429677
-0.04672282
-0.0009961684
0.004820216
-0.03588668
0.03860246
-0.04189379
0.018225
-0.000933473
-0.03292306
0.03549085
0.03051547
-0.03625754
0.02434146
-0.01373008
-0.03538203
-0.05763376
0.005701145
0.00385427
-0.01638336
-0.03960049
-0.003346198
0.005832574
-0.004436597
-0.04327843
0.05940602
0.004712036
-0.007550214
0.01170123
0.022157
-0.01483261
-0.0005247792
-0.03480179
-0.01824871
-0.0120963
-0.009233325
0.008304854
0.02450709
0.01121056
-0.01017612
0.03588506
-0.04449625
0.04237994
0.04052151
-0.01721834
-0.03977721
-0.03141027
0.01520699
-0.0003448424
-0.01205663
-0.03161102
-0.06611024
-0.04685811
-0.006762473
-0.001019965
-0.0008337211
-0.003129366
0.02821575
-0.03271719
-0.02192457
-0.03584286
0.01105666
-0.02272467
0.003415256
-0.01375527
-0.03310219
-0.007001678
0.02681043
0.04553975
0.04007379
-0.01679437
-0.01275207
-0.02079758
-0.05316728
0.0036799
-0.005556716
0.04505489
0.01882557
0.03789486
-0.00648231
0.01687134
-0.0004471381
0.04544894
-0.02370974
-0.003164156
0.02163111
0.02460995
0.004092842
-0.04672026
0.03467723
-0.02490631
0.03715403
0.07698143
-0.0345297
-0.06692572
0.0006518397
-0.05005922
-0.02620416
0.03257513
0.008836435
-0.02841337
0.005864354
-0.01256422
0.01056265
0.04995901
0.008257011
-0.0164431
-0.01608498
-0.007399401
-0.004077464
-0.0151588
0.003530206
0.005760295
0.01949212
-0.02320303
-0.01980944
0.01124519
-0.01167943
0.04863525
-0.00280192
0.0476376
0.007174683
0.04745919
0.04823875
0.0188043
-0.008195512
0.02659357
-0.01203887
-0.01502538
0.04390727
-0.04625322
0.009439125
-0.02362233
0.02877699
0.04169163
0.0359083
0.07874765
0.01571974
0.04662461
-0.002682408
0.01033757
0.02967456
0.09690855
0.02024676
0.02218853
0.006548079
-0.007361447
-0.01876643
0.04590753
-0.0154882
0.02981115
0.02553446
-0.02952329
0.00489845
-0.01297542
-0.02384376
0.05300206
-0.009096402
0.006234706
0.01023065
0.006464824
0.006789861
-0.06191492
-0.04089531
-0.003326312
0.01018202
-0.01744719
0.007738644
-0.02200208
0.003970152
0.003636926
-0.03444796
0.05816721
0.0177969
-0.004487535
0.05666938
0.03470069
0.02438016
0.04435466
0.07190974
-0.008407168
0.03396568
0.006212071
0.00625141
0.01127658
-0.008036342
0.03483182
0.07167089
0.05366749
-0.02979737
-0.01621181
0.005131948
0.01525358
0.06974696
0.0133252
0.03391199
0.03350241
-0.028603
-0.009904706
0.03273751
0.0511162
0.01402135
-0.0423007
0.03789776
-0.02131454
-0.05144225
0.037126
0.0573015
-0.007947835
0.07571337
0.03169819
-0.01368341
-0.01143346
0.01605751
0.01647491
-0.0345612
-0.01556897
-0.006351614
-0.02355354
-0.03978188
0.03279308
-0.01759726
0.004365993
-0.003239141
-0.01914809
0.0147704
0.02800452
0.06382401
-0.01714631
-0.02238613
-0.02159174
-0.01193784
0.0009837316
0.01979349
0.01239967
0.02306743
0.02270906
0.01792763
-0.03730811
0.02280915
-0.01440534
0.01824642
-0.005406016
0.06107604
0.002722011
0.03072559
-0.03512471
-0.03329916
0.02071159
0.003413649
0.01176877
0.009868336
-0.02975884
0.0443919
-0.06673755
-0.0339686
-0.03383097
0.05486258
-0.002584447
-0.009069865
-0.05713399
-0.06463562
0.04297665
-0.02347111
-0.0183288
-0.007572665
-0.08047159
0.06251985
0.02990361
-0.03620814
-0.02192115
-0.009353238
-0.003470475
0.002440108
0.01767217
0.001004306
-0.02176006
-0.01211045
-0.002749984
0.01764602
-0.05091753
0.01557829
0.01539402
0.03744313
-0.02934343
-0.009977362
0.03847209
-0.007929442
-0.02453697
-0.002554366
-0.07490931
-0.02385243
-0.007469768
0.01976248
-0.05898321
-0.03802834
0.002601413
0.01647527
-0.02218012
-0.03159244
0.0142774
-0.0233282
0.00196789
0.009563631
-0.04032534
-0.01057589
0.006449286
0.01846926
-0.002286149
-0.0133753
0.005713573
0.02826179
0.01200726
-0.04744461
0.002373067
0.008255454
0.0004623806
-0.02579699
0.008342062
0.01646704
0.05049705
0.02697886
-0.02891601
0.03243415
-0.01897458
0.004707937
0.01148224
0.001263021
-0.009336394
-0.01058994
-0.0278857
0.002219674
0.01492532
0.03973183
-0.0346766
-0.06467447
0.05291271
0.03134953
-0.0270966
-0.0346526
0.01582383
-0.03621958
-0.01399839
0.008649174
-0.01128198
0.02398036
-0.01099602
-0.02976379
-0.005993818
0.02782142
-0.000628404
-0.0365529
0.02947323
-0.04715489
-0.03745558
0.03738059
0.05028891
-0.02001605
-0.01710188
0.03490134
-0.008717131
0.008177506
-0.02105695
0.01519358
2.018472e-05
-0.01714289
0.002669241
0.01469801
0.008497551
0.05027977
-0.02107761
0.03698194
0.007904461
-0.02602038
-0.05708417
0.01179262
-0.008087015
0.02775107
-0.002702907
-0.05102464
-0.01911412
-0.00399691
-0.003017303
0.01119931
0.0266286
-0.01553109
-0.05145987
-0.0567737
0.05243656
-0.06624738
-0.02279245
-0.004907664
-0.01099788
0.04804467
0.006175192
0.02010113
0.01568316
-0.0004383674
-0.03366273
-0.0005057053
-0.0194663
0.05741628
-0.04125345
0.03337959
0.02463377
0.0127649
-0.004358667
-0.02946565
0.005787506
0.02726041
-0.04839362
-0.01114119
0.008754129
0.03284313
0.01952422
0.01484439
0.04285294
-0.01535263
-0.008422104
0.06528417
0.03700385
-0.0009301902
0.006244822
0.005989595
0.01396723
0.04659082
0.01715586
0.001491879
-0.0446628
0.01398351
-0.02640133
-0.0002194493
-0.03216454
-0.04061086
0.003202583
-0.01172779
0.01938481
-0.008879768
-0.02794991
0.02045893
-0.004531847
-0.03071346
0.01747588
0.01601919
0.0502707
0.03033138
-0.01553804
-0.03737936
0.02049302
-0.06511785
-0.07745042
-0.07269382
-0.02082278
-0.03500054
-0.030627
-0.05552979
0.06737649
0.01955828
0.001987824
-0.007427984
0.02818624
-0.01846178
0.00420257
0.03147824
0.03422379
-0.0196912
-0.01704708
0.01382423
-0.04785079
-0.002073337
-0.03181466
-0.003320112
-0.01261008
-0.04505331
0.02425368
0.009051843
-0.01903466
0.02429875
0.005389746
0.02168351
-0.0655134
-0.03211267
0.004299552
-0.01990137
-0.02967259
-0.01031219
-0.05876615
0.02097636
0.02431232
0.03755354
-0.005605826
-0.03027493
-0.01280865
0.01119284
-0.03924604
-0.01204781
-0.04702045
-0.01213122
-0.01175731
-0.0167947
0.04709515
0.02109182
-0.04008871
0.01201877
-0.05053791
-0.003529154
0.02955983
-0.01477412
-0.01067146
0.04454741
-0.01583882
-0.07290915
-0.02431752
0.001622359
-0.002879357
-0.00532728
0.03576364
0.007360621
0.03518246
-0.001361295
0.01216888
-0.006667335
-0.03654442
0.004897932
0.04019067
-0.02602247
-0.001516996
-0.008722446
-0.006990838
0.04299031
-0.03549171
0.01896949
-0.0140362
0.06851764
0.03505591
-0.00434061
0.01589245
0.03376822
-0.01392115
-0.03715371
0.06061267
0.02181591
-0.01084857
-0.01821548
-0.001058692
-0.001205214
0.006738918
0.02009141
0.02123839
0.04606843
0.01919551
-0.02163194
-0.03212761
0.00490985
-0.01400859
0.002168571
0.004773653
0.05374359
0.0169534
0.007356579
-0.01646187
-0.01242031
0.02968405
0.01337265
0.02808896
-0.0167989
0.06078873
0.006046441
0.003111521
0.0097438
0.03436745
-0.04513092
-0.03608597
-0.00376836
-0.02193779
-0.008495347
-0.007098341
0.01826337
-0.01145383
0.04380112
0.02067922
0.01642732
-0.04385314
0.005222576
0.02032776
0.01889384
-0.04928624
-0.0493677
0.01821719
0.02823548
0.01469871
0.01532602
0.01813757
0.01484046
-0.01305541
0.03275157
0.01783283
-0.005774659
0.08683606
0.01094503
-0.06103192
0.00275387
-0.03074802
-0.01754345
0.04099005
-0.03250618
0.03560043
0.007997799
0.03159099
-0.02132459
-0.01014097
0.03479939
-0.002168099
0.001746307
-0.02304931
0.01225911
-0.02810741
0.01201085
-0.01039709
0.02082357
0.002179312
0.05453912
0.05387412
0.01015889
0.009613551
-0.00121871
-0.00841704
-0.03967817
0.05127895
-0.01016152
0.04691633
-0.02683296
0.01857423
0.06004804
-0.02497316
-0.01659051
0.007050084
-0.01564138
-0.02598099
0.003647945
-0.01011608
0.01351446
0.03494375
0.04013282
0.05444992
-0.007362598
0.004629057
0.01858507
0.01253127
-0.003537303
-0.03684529
-0.02155111
-0.06565
0.04946104
0.02909268
-0.008680817
-0.07597467
-0.001098682
-0.00221318
-0.01140274
-0.05511429
0.07914747
-0.05406168
-0.00316262
0.04133198
-0.004107677
0.02936008
0.0163757
0.02536104
0.01169481
-0.01959383
-0.006705635
0.004275083
0.001059779
0.007560597
-0.02783922
0.03516071
0.06441255
0.02139208
-0.02782235
-0.03329847
0.02628767
-0.006199388
0.008705863
0.04366842
0.05623596
0.03130315
0.001616907
0.05349555
-0.03903731
-0.005586594
-0.01538772
0.02513155
-0.01273047
-0.03665613
-0.03724566
0.03974623
0.03437314
-0.003813467
-0.003037596
-0.03141909
0.05862486
0.003663031
0.03522765
0.01937271
0.02805994
-0.03930387
-0.0008122415
0.03299752
0.03052328
0.06125418
-0.0238818
-0.009584453
-0.01186911
-0.001930271
-0.05122408
0.07827409
-0.06270197
-0.01290205
0.001294806
-0.03546368
-0.02309823
0.009351993
0.03571762
0.01229956
0.02681591
-0.009485484
-0.005888714
0.01509225
-0.01976041
-0.0008416391
0.003847622
0.01303214
-0.02224873
0.009669239
-0.01144099
0.003013441
0.04025625
0.009848213
-0.06369082
0.0164916
0.004322306
0.02648137
-0.008088182
-0.02445353
0.07368912
-0.01139992
-0.01826846
0.04488626
-0.03247612
0.05125476
0.03728532
-0.003103535
0.06556437
0.03387213
-0.0602661
-0.01442281
0.01464833
-0.02884705
-0.01923356
-0.02070438
0.01870977
0.03334856
-0.007208681
-0.01427857
0.01413699
-0.0225121
-0.01311591
0.02470515
-0.01706449
0.02698585
0.03095936
-0.02067545
0.05779701
-0.006093081
0.0003623919
0.03687348
-0.01568941
0.01334146
0.003115875
-0.03937755
0.02344453
-0.02759793
-0.02467671
-0.06351654
-0.03072489
-0.01277012
-0.03630103
0.01856478
-0.06110834
-0.007163173
0.01768522
-0.04632378
0.007226813
-0.0365598
0.04179244
-0.03196461
-0.01383519
0.04373248
-0.0465442
0.03752631
0.03178411
0.02333318
-0.04791047
0.01061733
-0.006756428
-0.01101313
-0.04450417
-0.08992478
0.0130367
0.02203692
0.04429201
-0.03648344
0.02734621
-0.008174516
0.000383645
-0.02308784
0.01072537
0.01305853
0.01569692
-0.003186413
0.06048956
-0.01452395
-0.00918241
-0.05019946
0.04006894
-0.02751027
-0.004042395
0.01932945
0.08375967
0.0488753
0.01842294
0.06238836
0.01274057
0.008290836
0.0156889
0.07667157
0.02081064
0.00142982
-0.008108218
-0.03341592
0.06518427
0.0211844
0.01015078
0.06169521
-0.01187569
0.01627333
0.04637155
0.0093068
0.002064883
0.02472337
0.04654706
0.08331145
0.04630549
-0.001585998
0.069308
0.01680428
0.05057517
-0.0008913477
0.005704971
0.02589459
-0.05586171
0.05023564
0.002630948
0.03356976
-0.02265129
0.02794676
-0.02286689
-0.005803541
-0.009818134
-0.01279867
-0.03172999
0.02096074
0.006285211
-0.01482642
0.01204832
0.01144232
-0.02434501
-0.02991559
-0.01078341
-0.02068779
0.003436142
0.02439741
-0.0375665
-0.01473317
0.05774453
-0.02231502
