0.5302874
0.5354433
0.5200627
0.5811933
0.5404326
0.5665136
0.496863
0.4867963
0.5332264
0.5785254
0.5531066
0.5276994
0.5375964
0.6265423
0.5457602
0.5641912
0.6486044
0.5348085
0.5862141
0.5658865
0.5606952
0.5341021
0.5471741
0.5366418
0.5581221
0.5535235
0.5861068
0.5164171
0.5535427
0.5637058
0.5343942
0.6299475
0.5821936
0.6225585
0.5702722
0.5895551
0.5876719
0.5591381
0.5919682
0.5679204
0.5933232
0.5530028
0.6432145
0.5455072
0.48576
0.5931906
0.4697598
0.5031012
0.5392572
0.4260163
0.446361
0.4428622
0.4663597
0.5184862
0.540071
0.4765469
0.5500513
0.4638859
0.5140923
0.5447575
0.4522032
0.5567095
0.5420558
0.4749897
0.5736519
0.5209799
0.4903496
0.5571914
0.5298297
0.5119919
0.5626569
0.5152403
0.4944323
0.5500096
0.5293734
0.4813849
0.539516
0.4996186
0.5479086
0.5297846
0.470099
0.4904376
0.5472621
0.5207884
0.4493422
0.4922033
0.5170758
0.5299952
0.4434505
0.4686221
0.4897649
0.5025339
0.5520697
0.5315799
0.5871254
0.5163702
0.5120993
0.504603
0.5309634
0.5112172
0.5268194
0.560228
0.5390774
0.483916
0.5059692
0.6245376
0.5120608
0.5724203
0.5704397
0.5351761
0.4914425
0.5218337
0.4826478
0.584371
0.5502279
0.5452006
0.5614398
0.5216178
0.5000308
0.4627194
0.5555301
0.5449583
0.4495796
0.5359441
0.5153035
0.5580869
0.5168027
0.5152163
0.5482626
0.5368516
0.5816134
0.4780796
0.6099475
0.5720525
0.5350498
0.581141
0.5268278
0.4887097
0.4829644
0.4989764
0.5120629
0.4454375
0.4818619
0.5538003
0.58336
0.5454281
0.5054376
0.4992619
0.5899974
0.5427404
0.542038
0.4915538
0.593649
0.5812084
0.5966357
0.5877227
0.5352961
0.5801326
0.4917925
0.4919435
0.5557279
0.521857
0.4819121
0.4795379
0.4713528
0.5384769
0.5040476
0.5186781
0.6011139
0.5510092
0.5125854
0.5205013
0.5569026
0.5360024
0.4731714
0.5078629
0.546154
0.5173212
0.543943
0.4630664
0.5640768
0.5202832
0.5057903
0.5650239
0.5488106
0.4871656
0.5072722
0.5299977
0.5040199
0.5142759
0.5094306
0.4874271
0.5112984
0.5357748
0.5262483
0.4901002
0.4824175
0.5311798
0.4485677
0.4950546
0.4874694
0.5347383
0.536637
0.5404335
0.4614109
0.583508
0.5153838
0.5078154
0.4999877
0.5639767
0.4923897
0.5271877
0.5303712
0.5163042
0.5450257
0.4945979
0.5393524
0.5782553
0.511332
0.5660646
0.5168897
0.636048
0.5403608
0.6236807
0.5730542
0.5059454
0.5449109
0.5256852
0.5331802
0.4943917
0.5002184
0.5276003
0.545276
0.4726522
0.5047287
0.5075355
0.4695594
0.4881139
0.4418188
0.5235463
0.4679154
0.4926982
0.5018253
0.5058574
0.4811264
0.5545225
0.5525443
0.5355467
0.4233475
0.484411
0.4911487
0.5956004
0.4972078
0.4899762
0.5538202
0.55856
0.5618086
0.6077915
0.5123862
0.5246006
0.5066597
0.4860646
0.5609455
0.5523762
0.5544954
0.5089192
0.4979516
0.52944
0.5885915
0.5301368
0.5554673
0.5624403
0.4888191
0.5634776
0.6129985
0.5104261
0.4868185
0.580009
0.5765198
0.5473635
0.5873474
0.5737784
0.55237
0.5861722
0.5677816
0.5257272
0.4853185
0.5185414
0.473439
0.5327774
0.5750483
0.4720717
0.5198615
0.4662491
0.5220969
0.5817681
0.5443651
0.4489858
0.5183248
0.492107
0.556059
0.5025825
0.5189292
0.5394377
0.5727593
0.5086204
0.5288938
0.5715509
0.5095953
0.5369419
0.6756148
0.5043214
0.5573826
0.5665554
0.5327978
0.4685655
0.5229719
0.5003881
0.4680569
0.5425193
0.5379314
0.5902795
0.4806159
0.4846616
0.5348623
0.5369774
0.5036791
0.4907759
0.6248052
0.5740259
0.4975916
0.4942417
0.5660185
0.5687145
0.5216163
0.5354936
0.4718865
0.5791724
0.5680973
0.5171245
0.4885877
0.5748777
0.5871108
0.5398776
0.4915747
0.4706214
0.517439
0.5277348
0.6072989
0.4746269
0.5430342
0.5478941
0.5216825
0.5554188
0.5785464
0.5577443
0.5983747
0.4535031
0.5502824
0.595678
0.5313127
0.6159836
0.5157609
0.5234136
0.5336372
0.4921848
0.5923641
0.5674926
0.5177852
0.5481575
0.5603084
0.5119888
0.5713285
0.5762349
0.5558839
0.5516556
0.6219228
0.5163364
0.5429211
0.553083
0.5173738
0.5880241
0.546915
0.5255013
0.5148743
0.5068012
0.631568
0.6194456
0.5862296
0.4849105
0.5900749
0.6056666
0.4737647
0.561836
0.5319017
0.5957779
0.6094565
0.5219813
0.6288803
0.5843664
0.5237787
0.6275164
0.5615365
0.505592
0.5964854
0.5227232
0.4960157
0.6071214
0.5313845
0.4817542
0.558402
0.5371372
0.5189495
0.4967529
0.59325
0.4874522
0.5344882
0.6041126
0.5749082
0.5673237
0.4449968
0.4737874
0.5027442
0.5217865
0.51809
0.589263
0.4849872
0.5701602
0.4229408
0.4929594
0.5461175
0.5035861
0.508616
0.5400951
0.5740933
0.4957334
0.5175237
0.5104023
0.5222795
0.6011355
0.5650189
0.5141971
0.5458661
0.6067446
0.5061136
0.5760586
0.586871
0.5425103
0.4852818
0.4848849
0.4976051
0.5227762
0.5483814
0.4834782
0.546579
0.6221252
0.5776272
0.5371287
0.5627264
0.5160382
0.5572778
0.575789
0.6202562
0.5015532
0.5600507
0.5475207
0.5677663
0.4887969
0.5251847
0.5458884
0.6406166
0.5178075
0.5517189
0.5643154
0.5607482
0.5822125
0.5548974
0.4917612
0.5348671
0.5726628
0.4864222
0.501383
0.5850889
0.5582166
0.5711902
0.6118362
0.4867728
0.5544631
0.5559171
0.5508046
0.5988289
0.4543575
0.5670385
0.4841335
0.5102837
0.5639604
0.4951882
0.5092056
0.5156091
0.4957898
0.5359709
0.4947806
0.5126972
0.5878671
0.49647
0.4966592
0.5265991
0.5723251
0.447685
0.4739773
0.512981
0.4877083
0.5392557
0.4848407
0.5788328
0.5108889
0.5497496
0.5056632
0.5937754
0.5535634
0.5483346
0.5112794
0.5568949
0.5278713
0.6646958
0.5654416
0.4937657
0.5266783
0.4629172
0.4894491
0.497183
0.5086137
0.5113726
0.4959693
0.5365284
0.539209
0.5189234
0.5553353
0.4783303
0.4717698
0.507664
0.5253314
0.5002823
0.4983838
0.4750652
0.5648241
0.4852287
0.5443541
0.4425891
0.5212416
0.5832291
0.5440752
0.5113916
0.5457631
0.5177081
0.5243261
0.6006823
0.6125231
0.5591312
0.5478121
0.5420038
0.5290924
0.5424035
0.5514796
0.5082599
0.5404975
0.552301
0.4395779
0.5258405
0.5377942
0.4878271
0.5037496
0.4767472
0.4802712
0.5528782
0.5377918
0.5227255
0.5375161
0.4670919
0.4981126
0.4994807
0.4766444
0.4931638
0.4407258
0.5744257
0.6494226
0.5151723
0.4543483
0.5282388
0.4210626
0.5018947
0.5139609
0.5276105
0.5156021
0.5159302
0.5158363
0.4389147
0.5299214
0.5937095
0.4736376
0.5173575
0.5020442
0.5380408
0.5453607
0.5546791
0.5860784
0.5520187
0.498485
0.4731544
0.5530144
0.5837239
0.5155711
0.5223657
0.5496899
0.5608741
0.5453253
0.585477
0.5632034
0.5559135
0.5526456
0.4597081
0.5352791
0.5572372
0.519291
0.5200209
0.4672551
0.590314
0.4346428
0.5124539
0.496428
0.443487
0.5049797
0.5737506
0.5292083
0.4413217
0.4916989
0.5220652
0.5259133
0.5549766
0.5709445
0.5939876
0.4726447
0.5138758
0.5421362
0.5651043
0.4411882
0.4796709
0.4200842
0.4863395
0.4549267
0.4909115
0.4702567
0.6004631
0.49612
0.5104065
0.5272573
0.570631
0.5778017
0.5757995
0.5449838
0.5234013
0.4967245
0.5254476
0.5217531
0.5263472
0.5220103
0.5520504
0.5471171
0.4673711
0.5470839
0.5247252
0.521725
0.612972
0.5228049
0.5618366
0.5251259
0.5397693
0.6098109
0.5125811
0.5621437
0.5720262
0.5254672
0.533318
0.4698424
0.4902505
0.5554092
0.5423196
0.5295897
0.5263968
0.547254
0.5440712
0.4844804
0.5569006
0.6283755
0.5111949
0.4997781
0.4817485
0.5526997
0.5489679
0.5372047
0.5131235
0.5370272
0.5804868
0.587533
0.532677
0.5769562
0.5425179
0.5575781
0.4836046
0.4642479
0.4993694
0.5090419
0.596038
0.5690576
0.4748268
0.5676251
0.5183253
0.498882
0.5306758
0.5897339
0.5378468
0.6026553
0.5011613
0.4678575
0.4874492
0.4688772
0.5692819
0.4731563
0.5158005
0.5039306
0.5048494
0.5678555
0.4935552
0.5441345
0.4811834
0.5651415
0.6425537
0.546432
0.5233111
0.5766031
0.4623863
0.5577381
0.5466664
0.5329004
0.5458814
0.4837631
0.5299979
0.5034543
0.4023625
0.524661
0.4814962
0.5448291
0.568396
0.4902797
0.5346748
0.5887739
0.5162203
0.5829793
0.6237244
0.5533773
0.4863198
0.5036774
0.573162
0.463146
0.541787
0.4736865
0.5513383
0.5461279
0.6107758
0.5865648
0.5729108
0.6127515
0.6080771
0.6521035
0.5665419
0.5195944
0.680233
0.5293495
0.5221372
0.5373059
0.5539938
0.5630483
0.5123622
0.4798534
0.4295515
0.5449902
0.5550307
0.6087585
0.6246849
0.5536045
0.5965301
0.5436669
0.5642358
0.5690098
0.5318284
0.6056553
0.4865026
0.5940456
0.6004233
0.5085472
0.6019817
0.5687074
0.5280282
0.5540861
0.5043502
0.4822835
0.4638145
0.4866065
0.616547
0.5175776
0.5528187
0.5314666
0.5060524
0.4877786
0.4993828
0.4701412
0.5182233
0.4899874
0.4884091
0.5450934
0.581326
0.4240821
0.5739484
0.5305254
0.5781378
0.4699544
0.5265205
0.4966499
0.5212222
0.5605676
0.6805458
0.5814048
0.5666956
0.5571237
0.4996592
0.530777
0.5337793
0.5496978
0.552089
0.5970931
0.5894672
0.5193951
0.5738245
0.5183802
0.5363341
0.5209314
0.4990949
0.5692938
0.5043739
0.5280669
0.4643814
0.4544862
0.4844667
0.5193639
0.5213177
0.5704367
0.4595622
0.4885454
0.5346855
0.5034722
0.4647902
0.5014814
0.5115114
0.479397
0.5491197
0.4603606
0.5854607
0.612257
0.4844564
0.6123391
0.5571993
0.478839
0.5485807
0.6078103
0.5196579
0.4995478
0.4993016
0.4866853
0.5477894
0.4778748
0.5173307
0.4935655
0.5437577
0.5918912
0.5042795
0.5273266
0.5599021
0.5219214
0.5559977
0.5301644
0.5566999
0.5476089
0.5170657
0.5543973
0.4842855
0.5325932
0.48728
0.5191623
0.5156516
0.5282756
0.4945109
0.514614
0.5164457
0.5263117
0.5024584
0.5627796
0.5462786
0.570029
0.5121501
0.5377836
0.5007221
0.5274513
0.5726835
0.4955777
0.5409899
0.5024939
0.447937
0.5786712
0.5435432
0.5516703
0.5928376
0.5896745
0.5170868
0.5179543
0.4810751
0.4705341
0.4670893
0.5335632
0.5363171
0.4805505
0.5630142
0.5427855
0.5648215
0.4900745
0.4949114
0.484765
0.5419039
0.4746052
0.6122093
0.5060856
0.5661973
0.5287538
0.4983981
0.4847727
0.5483809
0.5946867
0.5429522
0.5449234
0.5429231
0.5903521
0.5572558
0.5699111
0.504615
0.5372329
0.5439166
0.5378875
0.5056733
0.4777905
0.5588003
0.5637496
0.4984038
0.5868336
0.5897006
0.5678839
0.5266792
0.465217
0.6104602
0.5680056
0.5087531
0.535812
0.5573681
0.5324585
0.4954443
0.5543766
0.5374522
0.5231122
0.4918908
0.5224946
0.5285604
0.62552
0.5039678
0.4664485
0.5870331
0.4733299
0.5259234
0.4691802
0.6183485
0.5882546
0.5457852
0.5230064
0.5447485
0.5206791
0.5422369
0.5156138
0.4993894
0.5990602
0.5734251
0.4860265
0.5833427
0.6038517
0.6315995
0.529182
0.5141743
0.5554064
0.5465816
0.4565688
0.5317607
0.585859
0.4669378
0.4852644
0.4838821
0.5171103
0.5884061
0.4832085
0.4814603
0.4900978
0.5626962
0.5615554
0.6255905
0.5306172
0.5207389
0.5339259
0.5011875
0.4837329
0.538745
0.5815895
0.5821227
0.5322452
0.5379693
0.5918861
0.5941348
0.5009955
0.534794
0.4544856
0.5069287
0.5136858
0.4769277
0.5602489
0.456471
0.5127647
0.4749244
0.4800274
0.4778571
0.4783107
0.5203839
0.5296335
0.5482625
0.4992261
0.5831641
0.4707386
0.5306852
0.5259172
0.4493915
0.5118429
0.5532107
0.5597966
0.4494994
0.5785329
0.62512
0.5110058
0.5784619
0.4978688
0.5556161
0.4701871
0.5092204
0.5418688
0.4288928
0.4607291
0.562258
0.4508128
0.5497421
0.4916513
0.5113736
0.5031453
0.4865365
0.5091985
0.5467655
0.5016123
0.5789552
0.5224296
0.5174239
0.6204165
0.548766
0.5626228
0.4742388
0.4502332
0.4835009
0.4786102
0.5641342
0.4773073
0.5754013
0.5345547
0.4977616
0.54681
0.5609725
0.5617946
0.5712284
0.5530884
0.5753516
0.582374
0.541099
0.5502907
0.4823469
0.5024572
0.5260756
0.5323107
0.5320902
0.5667615
0.4503181
0.5125455
0.5181016
0.6319955
0.5831828
0.5459461
0.6017352
0.5352647
0.5126833
0.5355328
0.5920918
0.4921372
0.5035772
0.5223734
0.5762286
0.5743727
0.5594478
0.595374
0.4572964
0.5393978
0.4898049
0.5744915
0.5191695
0.5233647
0.5629157
0.5412502
0.5335532
0.60259
0.5437606
0.5221205
0.5742439
0.4929344
0.5220779
0.5577814
0.4811305
0.4622483
0.4644071
0.5038842
0.6040899
0.5029043
0.4917732
0.5659252
0.5216481
0.6008473
0.5359066
0.5485382
0.606794
0.6111675
0.5207772
0.4902801
0.5977224
0.6111836
0.5780531
0.5716076
0.5554161
0.5228481
0.5389806
0.4981307
0.4806743
0.5143589
0.5398485
0.5604598
0.5128997
0.5397686
0.5301002
0.4808826
0.4883266
0.5250966
0.5846577
0.5443196
0.5457162
0.5500629
0.5791689
0.6469874
0.5817261
0.5768252
0.5954398
0.5673685
0.4940874
0.5069009
0.4980499
0.5966007
0.5711683
0.5232621
0.4824138
0.5269332
0.5107401
0.5378823
0.5221215
0.4556408
0.5123791
0.5100854
0.5236147
0.5376004
0.4960901
0.488994
0.537135
0.5416181
0.6047491
0.5236212
0.4764931
0.5057138
0.5016422
0.4720082
0.5125692
0.5448352
0.451877
0.5510044
0.4972447
0.5418655
0.5217182
0.5025036
0.521946
0.5233237
0.5848034
0.5148646
0.5667698
0.5224484
0.5825179
0.5906426
0.5484059
0.5865389
0.5351504
0.4938426
0.5576043
0.5279722
0.5687347
0.5702675
0.5669672
0.5753726
0.6067484
0.5147715
0.5140847
0.4794297
0.5483034
0.5675925
0.5417949
0.5582624
0.4548931
0.4901886
0.5158324
0.4993612
0.5008102
0.5422344
0.5237118
0.5557253
0.521421
0.5395696
0.4779112
0.520926
0.491255
0.5026829
0.5843971
0.5932253
0.5758697
0.518228
0.4608983
0.5688287
0.5584939
0.5629842
0.5303145
0.5727696
0.5873443
0.5521828
0.5348345
0.590656
0.5128797
0.5965638
0.5922465
0.4702406
0.559168
0.4906399
0.5201513
0.6177713
0.4675764
0.4864255
0.5267315
0.5016595
0.5432454
0.5393432
0.5947168
0.4885437
0.5401496
0.5458327
0.4969639
0.5963318
0.4966798
0.5342604
0.486513
0.5031323
0.5192255
0.5179858
0.500581
0.5239595
0.5948103
0.561108
0.5664319
0.5696299
0.5630723
0.5710764
0.5780854
0.5021511
0.5340713
0.5052546
0.5795783
0.4501047
0.5339195
0.5640232
0.533852
0.499153
0.5849468
0.5125791
0.5066614
0.5529025
0.518973
0.5161026
0.6260727
0.705226
0.5507693
0.6369961
0.4987733
0.4775419
0.5225656
0.5222434
0.6433697
0.5521901
0.5742347
0.587819
0.5840728
0.5115029
0.5374629
0.4874562
0.5795571
0.5413045
0.5308396
0.5541067
0.5564984
0.590223
0.5306044
0.4845971
0.5278426
0.4924614
0.4836084
0.5716081
0.5285008
0.4970645
0.5818903
0.5482364
0.5595319
0.53102
0.6210038
0.4854911
0.5780834
0.4918763
0.4458934
0.5073274
0.5141036
0.508156
0.5520295
0.4934019
0.56728
0.5002893
0.5731578
0.5081586
0.4923726
0.5208923
0.5278918
0.5128122
0.5134998
0.4925739
0.4461055
0.5446964
0.5813388
0.5263652
0.5456206
0.5024964
0.5015402
0.4585723
0.5773267
0.5555871
0.5163668
0.5411059
0.5055236
0.4417011
0.4804275
0.54545
0.4979356
0.4525032
0.4863022
0.5446918
0.5029196
0.5575588
0.4942218
0.5539347
0.5420962
0.5799653
0.5583169
0.531418
0.5141222
0.5099783
0.5631025
0.5681223
0.5889469
0.5610769
0.5514565
0.5514986
0.5567266
0.5589141
0.559988
0.5542632
0.5050946
0.4920931
0.5204804
0.4987083
0.5440455
0.5855497
0.5717342
0.5337982
0.4863533
0.5344783
0.5950507
0.5556007
0.5786593
0.5185148
0.4772843
0.5350434
0.5227589
0.51089
0.5372975
0.5087346
0.5326808
0.4649146
0.5823448
0.5519816
0.4875639
0.5016714
0.5664475
0.4928097
0.5168307
0.5117717
0.6091082
0.49518
0.5492268
0.5877313
0.5613448
0.6753075
0.5982277
0.5460885
0.5334161
0.5282853
0.5648132
0.5112078
0.5608525
0.606418
0.5303416
0.5103979
0.5016175
0.5486551
0.5007338
0.5677809
0.5376214
0.5533036
0.5768504
0.5611742
0.5611881
0.5681439
0.5022699
0.5884543
0.5181248
0.5360317
0.5554574
0.498801
0.5112964
0.5411687
0.56041
0.5038855
0.5025652
0.479896
0.5433942
0.4753608
0.5659418
0.5764966
0.4216119
0.4452787
0.5092835
0.4454352
0.5789936
0.521569
0.486735
0.5568536
0.5434667
0.5005946
0.5287624
0.5494065
0.5626661
0.5851116
0.4559618
0.5978332
0.5320687
0.5551659
0.4972646
0.5082036
0.5867115
0.5149824
0.5086528
0.5138862
0.6615284
0.5304565
0.5102985
0.5406215
0.540837
0.4570309
0.455973
0.5032486
0.572956
0.538138
0.5772678
0.604046
0.5015103
0.5448851
0.5629762
0.5668608
0.6177057
0.4792947
0.5573979
0.6156769
0.5463123
0.588229
0.5671914
0.5485193
0.5849292
0.6240864
0.5554818
0.5660285
0.5312331
0.5205092
0.4788707
0.47811
0.5586074
0.5507975
0.5050157
0.488798
0.5593044
0.4705594
0.4966963
0.5529228
0.5193624
0.5939531
0.5561753
0.6279489
0.5452205
0.5526488
0.5466435
0.5822798
0.4818039
0.5138092
0.6099861
0.5793443
0.487811
0.5246771
0.5401343
0.5656856
0.491741
0.4931765
0.5172468
0.4958169
0.5137484
0.5727204
0.6053116
0.5184892
0.5575524
0.491702
0.5859242
0.5492214
0.528285
0.5919159
0.6022585
0.534761
0.5098495
0.5307023
0.5312627
0.6057703
0.5319284
0.6191296
0.559392
0.5687946
0.5482244
0.5781355
0.5335891
0.524646
0.5350621
0.5046888
0.5315578
0.5709321
0.487398
0.500666
0.488988
0.5582777
0.4549884
0.5448301
0.507568
0.6203113
0.5418857
0.5416824
0.4732352
0.4606235
0.4595515
0.5673836
0.5010103
0.5444306
0.5298221
0.5546099
0.49588
0.5388531
0.5348014
0.5294332
0.538681
0.5155686
0.468025
0.4668564
0.548468
0.5029095
0.5351129
0.4983592
0.5447405
0.5268013
0.5302381
0.4900182
0.576846
0.5411348
0.5590934
0.5404762
0.5534823
0.5992826
0.5513545
0.5241807
0.509837
0.5217789
0.4979988
0.5460366
0.544779
0.5381827
0.5470595
0.6025521
0.5787873
0.5778561
0.5378979
0.6606039
0.5027636
0.5617849
0.5341309
0.6302763
0.5678963
0.509404
0.6115834
0.575978
0.5955265
0.642778
0.5973213
0.6308933
0.5954342
0.4861658
0.513379
0.5042975
0.4821189
0.5089252
0.5650031
0.4537551
0.4452786
0.5466901
0.4852494
0.4939716
0.4980862
0.4925033
0.5157323
0.4588258
0.4655031
0.4912696
0.4719913
0.5112027
0.5765767
0.5624205
0.5429153
0.5100896
0.5703898
0.5039825
0.5046188
0.5250174
0.5257251
0.5310006
0.5648046
0.5730617
0.6652119
0.4984312
0.5764788
0.6147226
0.5675488
0.5403007
0.5443638
0.4717955
0.5846231
0.514954
0.5560184
0.5790842
0.5772687
0.5797599
0.5298365
0.5564788
0.5320686
0.5546842
0.4812508
0.5369203
0.5441698
0.5823643
0.657263
0.600197
0.5824976
0.4955309
0.5606418
0.4713976
0.5058223
0.5034766
0.531051
0.5156285
0.499387
0.5022533
0.5183786
0.5175615
0.598617
0.4839033
0.5253909
0.499219
0.545623
0.5979946
0.5658889
0.49938
0.5267644
0.6008522
0.6230306
0.5504436
0.5208709
0.4721731
0.5773299
0.5506991
0.5374536
0.5695257
0.6139827
0.5164713
0.4401591
0.4800303
0.5195426
0.4266178
0.4763481
0.5189387
0.5041814
0.4678483
0.4916108
0.5141913
0.4795318
0.4631852
0.4480592
0.5595981
0.5642487
0.6161468
0.5021176
0.537536
0.5867637
0.4838611
0.5311328
0.5247683
0.4956034
0.5297365
0.5933023
0.6320018
0.5520198
0.5312328
0.5798786
0.5117656
0.5405164
0.4812031
0.5058616
0.5158916
0.5083838
0.5444116
0.5459818
0.4694614
0.495256
0.4830859
0.5353685
0.5048622
0.5432976
0.5337378
0.4846881
0.5108453
0.5519927
0.5277626
0.4583512
0.5012988
0.4751445
0.5746111
0.4997284
0.4974968
0.6111784
0.5546662
0.5324745
0.6134553
0.5238591
0.4759487
0.5982832
0.5518257
0.5272371
0.4968811
0.5422986
0.5022469
0.500643
0.510287
0.4746551
0.5554291
0.5552691
0.4954708
0.5429335
0.4991366
0.5642701
0.4818844
0.5668851
0.4738573
0.6135646
0.500002
0.530834
0.5931703
0.4834862
0.5349371
0.5289165
0.583555
0.4686631
0.5315358
0.4822928
0.5868399
0.5884284
0.5456823
0.483566
0.6109678
0.5284531
0.506185
0.5300314
0.4705696
0.5384266
0.4497029
0.4779525
0.3991409
0.4869055
0.4451212
0.50565
0.4874032
0.4981278
0.529506
0.5330888
0.5691159
0.5302313
0.6224422
0.5926777
0.5243919
0.5160908
0.5873805
0.5515645
0.6050341
0.5506846
0.5776581
0.5617458
0.5521914
0.5349032
0.536655
0.598389
0.479453
0.5305515
0.5926155
0.5559711
0.6114657
0.5368964
0.5869126
0.5176222
0.6384778
0.5604503
0.6111914
0.5220476
0.5617129
0.5972929
0.5290353
0.5395877
0.5591585
0.5274446
0.5004023
0.5124968
0.5522933
0.4883568
0.5036283
0.4552353
0.5037942
0.4682
0.4841659
0.5384744
0.5407836
0.4997827
0.5288447
0.5222685
0.585241
0.5347826
0.5312203
0.5829681
0.5252489
0.5213468
0.4868076
0.5634843
0.5017215
0.5910265
0.5465138
0.4933766
0.4568957
0.4846883
0.5542801
0.5212764
0.5536242
0.4555977
0.5189084
0.4894571
0.5605928
0.488141
0.4913264
0.4940719
0.5234405
0.4830896
0.5720858
0.5577714
0.6437046
0.4614077
0.5916109
0.5245162
0.5351365
0.5215766
0.4617739
0.5147316
0.550684
0.5624562
0.6389477
0.5029008
0.4534307
0.4959991
0.4831688
0.5617527
0.6262318
0.5293719
0.6617559
0.5662678
0.5086437
0.5575725
0.525436
0.6013915
0.562414
0.5373549
0.5373393
0.5320513
0.5135563
0.4897203
0.5173277
0.5013128
0.5464797
0.5159572
0.5675548
0.4958023
0.5028478
0.6002123
0.4876931
0.5995328
0.5602558
0.5331641
0.5103125
0.5440183
0.5814939
0.5628819
0.5358236
0.5316118
0.4759169
0.5376518
0.5721872
0.508976
0.5042188
0.4635062
0.5665284
0.5777057
0.5826254
0.5797726
0.5485485
0.4972056
0.6017439
0.5361181
0.5804806
0.4940173
0.4843634
0.5385018
0.5504468
0.5426261
0.5642299
0.6499983
0.5832642
0.6080175
0.5768558
0.5548942
0.5353493
0.5076158
0.5379492
0.574277
0.5478689
0.4984658
0.4925209
0.5245018
0.5024553
0.4831788
0.4492338
0.5216238
0.4845472
0.4894027
0.6226781
0.5933381
0.5096491
0.5352821
0.593309
0.5500205
0.5611166
0.5639833
0.5640482
0.5884039
0.4349724
0.5445915
0.4554036
0.4939465
0.5144766
0.4689179
0.5489915
0.5427992
0.5346475
0.5577869
0.5884413
0.5243372
0.5109553
0.6018259
0.5262394
0.5853918
0.538819
0.5427086
0.4642541
0.4975185
0.5262009
0.5746076
0.601433
0.490723
0.5305574
0.5935343
0.5231118
0.4917252
0.5551486
0.6065561
0.6034468
0.5918913
0.5886783
0.5564996
0.5324161
0.5701858
0.5341308
0.5483948
0.5306048
0.5815301
0.5587874
0.5698208
0.5728851
0.5104128
0.556125
0.5115148
0.5174247
0.6144042
0.5456318
0.5629787
0.5795666
0.5009756
0.5363077
0.5164201
0.5213914
0.4978656
0.5106851
0.5374337
0.5318279
0.5263717
0.5030219
0.5818694
0.5561258
0.5678836
0.5453356
0.5479356
0.5883097
0.563174
0.5985089
0.59127
0.5006617
0.5479484
0.5725783
0.5679755
0.5990228
0.4888737
0.5146422
0.4598302
0.5560656
0.6262365
0.544269
0.5399052
0.5979019
0.5530568
0.5689371
0.5694624
0.4872113
0.4913026
0.4663075
0.5354553
0.5226056
0.5387543
0.5493072
0.592186
0.5424288
0.5624256
0.4470655
0.5604815
0.542128
0.588403
0.5461044
0.498349
0.5691081
0.4979448
0.5717955
0.5401868
0.5692753
0.5732683
0.5567727
0.4721548
0.6030872
0.5047752
0.4840538
0.5201624
0.5590451
0.6605262
0.5272214
0.562256
0.5799653
0.5409317
0.4952364
0.5735516
0.5544396
0.6350721
0.5337858
0.5393587
0.6281443
0.5509178
0.6134767
0.584288
0.5772037
0.5866185
0.530822
0.4900657
0.5668455
0.5531321
0.5993225
0.5679742
0.564865
0.5487466
0.566227
0.5596592
0.6426066
0.5077725
0.554806
0.6011005
0.5428099
0.5195072
0.5522477
0.5603347
0.5036088
0.5443144
0.5453295
0.5104759
0.5260368
0.4901304
0.5343916
0.6170063
0.5748158
0.5856394
0.5503655
0.560602
0.521813
0.5383197
0.4954139
0.4769143
0.4871552
0.5344009
0.48624
0.5468514
0.4782936
0.4433777
0.5104152
0.4407249
0.5869238
0.5576406
0.4704709
0.4743223
0.5179263
0.5573686
0.4727857
0.5633965
0.5464516
0.5240273
0.547189
0.4980319
0.5014124
0.5362585
0.5488515
0.4945813
0.5876548
0.566693
0.6238162
0.4825698
0.4937104
0.5123221
0.5270154
0.4595411
0.6665825
0.5553155
0.5740002
0.5544823
0.5701209
0.5963342
0.5893937
0.5601999
0.5776156
0.5407388
0.562886
0.5610614
0.5251365
0.4746305
0.488494
0.5452524
0.5044644
0.4700295
0.5248129
0.4780662
0.4557863
0.5148715
0.498408
0.4795404
0.4657007
0.5088608
0.5472983
0.4811108
0.4393238
0.5562109
0.4945307
0.5426603
0.5147664
0.5296326
0.5400926
0.5417164
0.5185787
0.5375679
0.4752129
0.5167736
0.5482545
0.5480599
0.54788
0.5787672
0.5198376
0.5474417
0.4904364
0.4968951
0.500066
0.5240086
0.5349875
0.5346448
0.5170467
0.580221
0.50148
0.5411621
0.5567324
0.5880255
0.5261608
0.5035097
0.6209295
0.5283298
0.5143169
0.4896907
0.5066496
0.5077542
0.5525674
0.48135
0.4716044
0.5285298
0.4973885
0.5597922
0.5342706
0.5532971
0.5027014
0.5849565
0.5501497
0.5345594
0.5420997
0.6252705
0.4931571
0.6226381
0.566232
0.5599724
0.5859412
0.5231958
0.5071052
0.5651137
0.5714153
0.5198649
0.4926329
0.5627283
0.5095175
0.5649766
0.5693499
0.507545
0.5037165
0.548381
0.6028305
0.4987855
0.5172409
0.52402
0.4991553
0.5216521
0.4717815
0.5041366
0.5256405
0.5504045
0.5653018
0.5567105
0.6226789
0.4985903
0.4994283
0.4801933
0.5872637
0.5553287
0.5771962
0.6056837
0.5311648
0.4744964
0.5749583
0.5913822
0.5339984
0.5434407
0.5811227
0.5779322
0.4994478
0.4567559
0.5148795
0.5310675
0.5546521
0.5494557
0.5165086
0.5279467
0.5178125
0.5820045
0.5250375
0.5478754
0.556656
0.5165044
0.5505427
0.6679724
0.6366208
0.5424211
0.5211645
0.6028784
0.542641
0.5335021
0.5311567
0.5562944
0.5611495
0.6152331
0.5510284
0.5580581
0.5225484
0.5424172
0.5145481
0.5240285
0.5578607
0.527072
0.5067351
0.4635953
0.5456758
